_label	a	b	c
Test 1	51	20	71
Test 2	97	60	157
Test 3	17	63	80
Test 4	29	55	84
Test 5	33	57	90
Test 6	41	49	90
Test 7	29	28	57
Test 8	6	98	104
Test 9	83	35	118
Test 10	64	89	153
Test 11	21	62	83
Test 12	28	84	112
Test 13	85	57	142
Test 14	2	23	25
Test 15	46	63	109
Test 16	56	44	100
Test 17	23	80	103
Test 18	66	26	92
Test 19	10	17	27
Test 20	51	12	63
Test 21	96	44	140
Test 22	96	80	176
Test 23	59	52	111
Test 24	2	93	95
Test 25	41	32	73
Test 26	69	59	128
Test 27	80	87	167
Test 28	59	99	158
Test 29	83	16	99
Test 30	68	31	99
Test 31	45	12	57
Test 32	40	71	111
Test 33	5	95	100
Test 34	36	29	65
Test 35	21	38	59
Test 36	8	62	70
Test 37	5	76	81
Test 38	97	3	100
Test 39	91	90	181
Test 40	85	72	157
Test 41	76	7	83
Test 42	20	86	106
Test 43	7	39	46
Test 44	31	90	121
Test 45	58	22	80
Test 46	46	11	57
Test 47	74	16	90
Test 48	82	26	108
Test 49	1	39	40
Test 50	50	31	81
Test 51	56	80	136
Test 52	66	80	146
Test 53	64	81	145
Test 54	91	75	166
Test 55	37	50	87
Test 56	13	18	31
Test 57	17	2	19
Test 58	53	39	92
Test 59	40	74	114
Test 60	2	17	19
Test 61	27	19	46
Test 62	29	80	109
Test 63	30	14	44
Test 64	43	63	106
Test 65	5	91	96
Test 66	73	39	112
Test 67	96	44	140
Test 68	52	74	126
Test 69	65	71	136
Test 70	94	7	101
Test 71	91	16	107
Test 72	46	57	103
Test 73	82	53	135
Test 74	8	23	31
Test 75	61	24	85
Test 76	76	4	80
Test 77	39	83	122
Test 78	46	67	113
Test 79	80	10	90
Test 80	37	65	102
Test 81	89	49	138
Test 82	47	5	52
Test 83	13	5	18
Test 84	6	60	66
Test 85	48	58	106
Test 86	18	15	33
Test 87	11	31	42
Test 88	91	3	94
Test 89	32	41	73
Test 90	97	34	131
Test 91	32	20	52
Test 92	54	51	105
Test 93	59	38	97
Test 94	23	35	58
Test 95	37	14	51
Test 96	6	34	40
Test 97	78	36	114
Test 98	30	60	90
Test 99	81	43	124
Test 100	96	27	123
Test 101	84	78	162
Test 102	50	17	67
Test 103	67	92	159
Test 104	74	95	169
Test 105	18	57	75
Test 106	76	77	153
Test 107	66	39	105
Test 108	74	58	132
Test 109	26	91	117
Test 110	28	65	93
Test 111	44	7	51
Test 112	42	97	139
Test 113	44	37	81
Test 114	65	19	84
Test 115	60	12	72
Test 116	46	33	79
Test 117	61	57	118
Test 118	10	17	27
Test 119	6	5	11
Test 120	84	92	176
Test 121	92	33	125
Test 122	71	74	145
Test 123	70	10	80
Test 124	88	9	97
Test 125	21	47	68
Test 126	19	54	73
Test 127	93	90	183
Test 128	18	88	106
Test 129	79	30	109
Test 130	27	22	49
Test 131	81	4	85
Test 132	24	84	108
Test 133	1	85	86
Test 134	60	35	95
Test 135	95	45	140
Test 136	39	54	93
Test 137	4	78	82
Test 138	9	45	54
Test 139	32	46	78
Test 140	27	64	91
Test 141	0	55	55
Test 142	72	84	156
Test 143	42	67	109
Test 144	53	51	104
Test 145	1	54	55
Test 146	2	46	48
Test 147	85	62	147
Test 148	40	57	97
Test 149	70	36	106
Test 150	5	20	25
Test 151	78	64	142
Test 152	27	77	104
Test 153	71	88	159
Test 154	7	73	80
Test 155	90	48	138
Test 156	93	12	105
Test 157	41	12	53
Test 158	16	1	17
Test 159	81	4	85
Test 160	92	16	108
Test 161	27	59	86
Test 162	44	49	93
Test 163	80	77	157
Test 164	10	94	104
Test 165	28	88	116
Test 166	33	16	49
Test 167	8	23	31
Test 168	73	23	96
Test 169	27	59	86
Test 170	63	37	100
Test 171	27	19	46
Test 172	51	35	86
Test 173	59	13	72
Test 174	40	68	108
Test 175	91	28	119
Test 176	22	96	118
Test 177	79	99	178
Test 178	65	99	164
Test 179	49	42	91
Test 180	24	42	66
Test 181	65	98	163
Test 182	54	9	63
Test 183	99	62	161
Test 184	79	99	178
Test 185	43	69	112
Test 186	1	38	39
Test 187	58	54	112
Test 188	50	26	76
Test 189	28	64	92
Test 190	25	28	53
Test 191	51	98	149
Test 192	94	57	151
Test 193	68	15	83
Test 194	0	16	16
Test 195	70	88	158
Test 196	84	76	160
Test 197	78	74	152
Test 198	73	15	88
Test 199	47	91	138
Test 200	82	27	109
Test 201	36	70	106
Test 202	29	89	118
Test 203	44	47	91
Test 204	24	25	49
Test 205	77	22	99
Test 206	28	31	59
Test 207	38	12	50
Test 208	89	10	99
Test 209	0	52	52
Test 210	10	11	21
Test 211	91	71	162
Test 212	43	49	92
Test 213	43	93	136
Test 214	61	68	129
Test 215	71	28	99
Test 216	96	71	167
Test 217	39	41	80
Test 218	38	97	135
Test 219	92	69	161
Test 220	45	9	54
Test 221	93	11	104
Test 222	97	84	181
Test 223	70	3	73
Test 224	88	76	164
Test 225	64	63	127
Test 226	59	36	95
Test 227	13	54	67
Test 228	19	36	55
Test 229	15	31	46
Test 230	69	39	108
Test 231	31	51	82
Test 232	69	58	127
Test 233	63	62	125
Test 234	22	7	29
Test 235	88	61	149
Test 236	48	96	144
Test 237	91	67	158
Test 238	46	65	111
Test 239	57	50	107
Test 240	87	75	162
Test 241	42	52	94
Test 242	19	28	47
Test 243	38	28	66
Test 244	3	9	12
Test 245	30	33	63
Test 246	34	53	87
Test 247	58	0	58
Test 248	18	36	54
Test 249	24	42	66
Test 250	42	48	90
Test 251	14	98	112
Test 252	1	1	2
Test 253	98	54	152
Test 254	53	45	98
Test 255	81	89	170
Test 256	12	80	92
Test 257	2	10	12
Test 258	63	68	131
Test 259	16	33	49
Test 260	46	97	143
Test 261	35	84	119
Test 262	24	43	67
Test 263	59	93	152
Test 264	92	48	140
Test 265	60	62	122
Test 266	96	30	126
Test 267	95	80	175
Test 268	55	12	67
Test 269	4	8	12
Test 270	21	91	112
Test 271	84	39	123
Test 272	83	1	84
Test 273	12	82	94
Test 274	84	31	115
Test 275	56	17	73
Test 276	45	78	123
Test 277	17	41	58
Test 278	80	95	175
Test 279	47	88	135
Test 280	93	37	130
Test 281	8	86	94
Test 282	52	44	96
Test 283	30	73	103
Test 284	37	19	56
Test 285	24	51	75
Test 286	58	69	127
Test 287	98	25	123
Test 288	76	40	116
Test 289	34	22	56
Test 290	90	52	142
Test 291	46	93	139
Test 292	96	63	159
Test 293	66	49	115
Test 294	98	37	135
Test 295	30	66	96
Test 296	45	56	101
Test 297	76	77	153
Test 298	76	22	98
Test 299	62	93	155
Test 300	22	55	77
Test 301	26	40	66
Test 302	27	26	53
Test 303	68	20	88
Test 304	36	65	101
Test 305	45	92	137
Test 306	37	83	120
Test 307	21	41	62
Test 308	54	6	60
Test 309	28	23	51
Test 310	6	20	26
Test 311	35	56	91
Test 312	14	23	37
Test 313	74	85	159
Test 314	23	90	113
Test 315	24	38	62
Test 316	50	95	145
Test 317	72	84	156
Test 318	8	79	87
Test 319	25	75	100
Test 320	86	59	145
Test 321	36	44	80
Test 322	34	69	103
Test 323	58	1	59
Test 324	61	5	66
Test 325	99	20	119
Test 326	81	30	111
Test 327	91	77	168
Test 328	65	77	142
Test 329	43	37	80
Test 330	26	87	113
Test 331	20	56	76
Test 332	18	67	85
Test 333	27	87	114
Test 334	36	76	112
Test 335	50	81	131
Test 336	86	89	175
Test 337	32	40	72
Test 338	86	4	90
Test 339	9	13	22
Test 340	79	37	116
Test 341	7	64	71
Test 342	60	4	64
Test 343	40	33	73
Test 344	89	74	163
Test 345	36	0	36
Test 346	50	75	125
Test 347	91	69	160
Test 348	23	24	47
Test 349	80	69	149
Test 350	47	69	116
Test 351	92	11	103
Test 352	94	50	144
Test 353	99	64	163
Test 354	11	23	34
Test 355	56	50	106
Test 356	87	72	159
Test 357	37	75	112
Test 358	93	83	176
Test 359	13	13	26
Test 360	55	88	143
Test 361	0	52	52
Test 362	37	11	48
Test 363	15	21	36
Test 364	75	20	95
Test 365	26	12	38
Test 366	0	55	55
Test 367	71	90	161
Test 368	66	29	95
Test 369	67	63	130
Test 370	89	63	152
Test 371	19	91	110
Test 372	89	31	120
Test 373	38	46	84
Test 374	88	47	135
Test 375	35	51	86
Test 376	34	54	88
Test 377	15	15	30
Test 378	20	22	42
Test 379	85	3	88
Test 380	60	50	110
Test 381	72	79	151
Test 382	9	35	44
Test 383	31	56	87
Test 384	70	42	112
Test 385	39	88	127
Test 386	93	56	149
Test 387	71	99	170
Test 388	84	23	107
Test 389	77	15	92
Test 390	2	6	8
Test 391	88	88	176
Test 392	48	9	57
Test 393	31	4	35
Test 394	36	27	63
Test 395	27	82	109
Test 396	83	3	86
Test 397	97	62	159
Test 398	51	31	82
Test 399	96	43	139
Test 400	34	97	131
Test 401	21	63	84
Test 402	46	3	49
Test 403	17	29	46
Test 404	48	17	65
Test 405	80	98	178
Test 406	19	70	89
Test 407	10	99	109
Test 408	91	85	176
Test 409	53	35	88
Test 410	88	71	159
Test 411	96	12	108
Test 412	45	67	112
Test 413	32	0	32
Test 414	82	30	112
Test 415	59	51	110
Test 416	3	20	23
Test 417	34	48	82
Test 418	62	75	137
Test 419	73	43	116
Test 420	72	97	169
Test 421	11	15	26
Test 422	76	66	142
Test 423	50	16	66
Test 424	80	92	172
Test 425	39	53	92
Test 426	28	5	33
Test 427	7	55	62
Test 428	13	46	59
Test 429	4	30	34
Test 430	32	89	121
Test 431	75	48	123
Test 432	39	11	50
Test 433	46	35	81
Test 434	18	89	107
Test 435	10	62	72
Test 436	20	60	80
Test 437	38	66	104
Test 438	76	44	120
Test 439	56	17	73
Test 440	70	53	123
Test 441	37	11	48
Test 442	75	77	152
Test 443	51	82	133
Test 444	21	47	68
Test 445	95	5	100
Test 446	3	51	54
Test 447	99	47	146
Test 448	24	74	98
Test 449	88	34	122
Test 450	96	18	114
Test 451	1	12	13
Test 452	40	90	130
Test 453	50	13	63
Test 454	52	25	77
Test 455	26	12	38
Test 456	1	35	36
Test 457	35	78	113
Test 458	58	68	126
Test 459	40	79	119
Test 460	60	57	117
Test 461	61	44	105
Test 462	51	34	85
Test 463	16	26	42
Test 464	7	59	66
Test 465	93	0	93
Test 466	72	77	149
Test 467	33	16	49
Test 468	92	67	159
Test 469	48	8	56
Test 470	10	39	49
Test 471	79	98	177
Test 472	15	28	43
Test 473	57	91	148
Test 474	95	41	136
Test 475	40	33	73
Test 476	3	0	3
Test 477	72	57	129
Test 478	70	36	106
Test 479	22	19	41
Test 480	54	89	143
Test 481	15	45	60
Test 482	70	35	105
Test 483	19	83	102
Test 484	36	70	106
Test 485	85	20	105
Test 486	34	3	37
Test 487	6	8	14
Test 488	99	22	121
Test 489	60	38	98
Test 490	97	35	132
Test 491	35	37	72
Test 492	17	90	107
Test 493	13	87	100
Test 494	57	1	58
Test 495	94	43	137
Test 496	48	98	146
Test 497	69	83	152
Test 498	53	12	65
Test 499	76	35	111
Test 500	29	3	32
Test 501	96	18	114
Test 502	60	96	156
Test 503	30	28	58
Test 504	0	24	24
Test 505	89	91	180
Test 506	6	65	71
Test 507	70	55	125
Test 508	10	50	60
Test 509	97	39	136
Test 510	84	5	89
Test 511	13	9	22
Test 512	80	50	130
Test 513	56	74	130
Test 514	93	98	191
Test 515	4	31	35
Test 516	86	13	99
Test 517	59	49	108
Test 518	16	66	82
Test 519	46	9	55
Test 520	63	87	150
Test 521	26	58	84
Test 522	57	82	139
Test 523	37	15	52
Test 524	67	40	107
Test 525	49	30	79
Test 526	46	4	50
Test 527	77	59	136
Test 528	99	73	172
Test 529	7	96	103
Test 530	72	52	124
Test 531	29	40	69
Test 532	50	44	94
Test 533	56	68	124
Test 534	37	34	71
Test 535	72	47	119
Test 536	45	69	114
Test 537	99	96	195
Test 538	84	25	109
Test 539	35	68	103
Test 540	20	42	62
Test 541	98	6	104
Test 542	19	8	27
Test 543	64	93	157
Test 544	51	74	125
Test 545	10	11	21
Test 546	61	35	96
Test 547	49	97	146
Test 548	28	66	94
Test 549	68	74	142
Test 550	32	37	69
Test 551	85	59	144
Test 552	54	4	58
Test 553	86	40	126
Test 554	31	37	68
Test 555	68	69	137
Test 556	6	59	65
Test 557	35	1	36
Test 558	90	4	94
Test 559	85	14	99
Test 560	79	65	144
Test 561	65	64	129
Test 562	31	13	44
Test 563	45	15	60
Test 564	31	51	82
Test 565	58	84	142
Test 566	37	65	102
Test 567	62	28	90
Test 568	58	9	67
Test 569	74	88	162
Test 570	25	79	104
Test 571	25	18	43
Test 572	58	69	127
Test 573	91	58	149
Test 574	6	14	20
Test 575	89	72	161
Test 576	6	70	76
Test 577	3	75	78
Test 578	42	93	135
Test 579	95	82	177
Test 580	82	26	108
Test 581	96	20	116
Test 582	21	35	56
Test 583	1	41	42
Test 584	19	98	117
Test 585	24	4	28
Test 586	48	96	144
Test 587	92	33	125
Test 588	89	96	185
Test 589	71	78	149
Test 590	87	1	88
Test 591	62	25	87
Test 592	82	55	137
Test 593	54	64	118
Test 594	64	40	104
Test 595	44	7	51
Test 596	31	65	96
Test 597	75	37	112
Test 598	71	57	128
Test 599	61	96	157
Test 600	4	36	40
Test 601	79	87	166
Test 602	69	93	162
Test 603	48	82	130
Test 604	3	30	33
Test 605	7	48	55
Test 606	57	10	67
Test 607	68	90	158
Test 608	19	21	40
Test 609	70	69	139
Test 610	79	17	96
Test 611	92	64	156
Test 612	34	61	95
Test 613	62	62	124
Test 614	32	39	71
Test 615	73	3	76
Test 616	15	90	105
Test 617	80	44	124
Test 618	73	59	132
Test 619	97	41	138
Test 620	1	68	69
Test 621	77	94	171
Test 622	44	55	99
Test 623	89	20	109
Test 624	82	29	111
Test 625	89	96	185
Test 626	8	7	15
Test 627	27	65	92
Test 628	43	36	79
Test 629	42	70	112
Test 630	29	95	124
Test 631	72	55	127
Test 632	96	36	132
Test 633	36	33	69
Test 634	54	95	149
Test 635	79	14	93
Test 636	19	7	26
Test 637	34	6	40
Test 638	99	39	138
Test 639	12	71	83
Test 640	74	92	166
Test 641	69	61	130
Test 642	25	63	88
Test 643	78	48	126
Test 644	54	37	91
Test 645	99	69	168
Test 646	42	73	115
Test 647	92	98	190
Test 648	65	53	118
Test 649	87	18	105
Test 650	8	0	8
Test 651	17	79	96
Test 652	52	50	102
Test 653	2	90	92
Test 654	79	29	108
Test 655	7	89	96
Test 656	73	91	164
Test 657	56	71	127
Test 658	96	36	132
Test 659	22	92	114
Test 660	73	64	137
Test 661	92	38	130
Test 662	64	93	157
Test 663	99	56	155
Test 664	16	71	87
Test 665	32	82	114
Test 666	85	53	138
Test 667	43	1	44
Test 668	16	71	87
Test 669	88	94	182
Test 670	46	52	98
Test 671	57	90	147
Test 672	66	62	128
Test 673	19	88	107
Test 674	99	32	131
Test 675	91	33	124
Test 676	35	84	119
Test 677	59	55	114
Test 678	7	17	24
Test 679	74	67	141
Test 680	43	10	53
Test 681	43	61	104
Test 682	39	57	96
Test 683	65	61	126
Test 684	97	92	189
Test 685	56	67	123
Test 686	46	57	103
Test 687	75	65	140
Test 688	32	9	41
Test 689	21	35	56
Test 690	77	46	123
Test 691	55	29	84
Test 692	43	80	123
Test 693	26	85	111
Test 694	99	12	111
Test 695	34	75	109
Test 696	52	75	127
Test 697	49	31	80
Test 698	41	78	119
Test 699	10	58	68
Test 700	32	13	45
Test 701	15	81	96
Test 702	86	90	176
Test 703	77	65	142
Test 704	23	84	107
Test 705	60	89	149
Test 706	66	28	94
Test 707	96	7	103
Test 708	59	82	141
Test 709	39	65	104
Test 710	28	52	80
Test 711	13	27	40
Test 712	74	40	114
Test 713	4	18	22
Test 714	93	45	138
Test 715	1	29	30
Test 716	83	62	145
Test 717	73	87	160
Test 718	96	39	135
Test 719	45	26	71
Test 720	99	91	190
Test 721	47	9	56
Test 722	59	24	83
Test 723	47	64	111
Test 724	15	40	55
Test 725	0	36	36
Test 726	67	13	80
Test 727	68	27	95
Test 728	72	84	156
Test 729	21	65	86
Test 730	97	51	148
Test 731	23	37	60
Test 732	40	97	137
Test 733	7	46	53
Test 734	98	92	190
Test 735	32	68	100
Test 736	54	65	119
Test 737	45	58	103
Test 738	45	45	90
Test 739	46	63	109
Test 740	81	70	151
Test 741	32	84	116
Test 742	56	13	69
Test 743	53	0	53
Test 744	63	24	87
Test 745	0	10	10
Test 746	30	3	33
Test 747	16	80	96
Test 748	19	16	35
Test 749	92	80	172
Test 750	49	61	110
Test 751	73	27	100
Test 752	96	71	167
Test 753	50	56	106
Test 754	80	22	102
Test 755	31	62	93
Test 756	44	49	93
Test 757	41	20	61
Test 758	65	32	97
Test 759	22	3	25
Test 760	13	89	102
Test 761	13	35	48
Test 762	75	81	156
Test 763	52	68	120
Test 764	86	39	125
Test 765	51	7	58
Test 766	96	25	121
Test 767	30	72	102
Test 768	25	76	101
Test 769	44	27	71
Test 770	41	75	116
Test 771	63	50	113
Test 772	51	83	134
Test 773	10	71	81
Test 774	8	85	93
Test 775	87	59	146
Test 776	58	4	62
Test 777	84	18	102
Test 778	54	50	104
Test 779	50	17	67
Test 780	75	85	160
Test 781	66	89	155
Test 782	2	35	37
Test 783	44	51	95
Test 784	60	41	101
Test 785	70	77	147
Test 786	2	79	81
Test 787	95	20	115
Test 788	58	13	71
Test 789	88	16	104
Test 790	44	78	122
Test 791	14	27	41
Test 792	99	8	107
Test 793	28	57	85
Test 794	21	76	97
Test 795	68	20	88
Test 796	41	16	57
Test 797	2	71	73
Test 798	90	40	130
Test 799	20	16	36
Test 800	59	86	145
Test 801	90	69	159
Test 802	2	42	44
Test 803	49	39	88
Test 804	48	12	60
Test 805	21	20	41
Test 806	20	9	29
Test 807	78	99	177
Test 808	21	77	98
Test 809	92	97	189
Test 810	52	87	139
Test 811	30	24	54
Test 812	97	94	191
Test 813	99	31	130
Test 814	53	73	126
Test 815	25	88	113
Test 816	2	85	87
Test 817	70	27	97
Test 818	29	70	99
Test 819	59	57	116
Test 820	54	8	62
Test 821	59	24	83
Test 822	15	60	75
Test 823	41	41	82
Test 824	84	91	175
Test 825	40	32	72
Test 826	2	52	54
Test 827	42	91	133
Test 828	89	91	180
Test 829	76	15	91
Test 830	82	56	138
Test 831	10	95	105
Test 832	55	17	72
Test 833	36	32	68
Test 834	99	61	160
Test 835	14	17	31
Test 836	47	94	141
Test 837	21	36	57
Test 838	15	25	40
Test 839	8	40	48
Test 840	39	3	42
Test 841	47	9	56
Test 842	54	3	57
Test 843	31	66	97
Test 844	58	9	67
Test 845	1	91	92
Test 846	60	74	134
Test 847	48	44	92
Test 848	98	58	156
Test 849	64	58	122
Test 850	52	74	126
Test 851	64	9	73
Test 852	33	80	113
Test 853	36	62	98
Test 854	88	37	125
Test 855	92	17	109
Test 856	20	47	67
Test 857	45	1	46
Test 858	35	61	96
Test 859	76	22	98
Test 860	34	69	103
Test 861	73	84	157
Test 862	79	61	140
Test 863	7	78	85
Test 864	42	29	71
Test 865	43	91	134
Test 866	36	26	62
Test 867	34	10	44
Test 868	10	17	27
Test 869	26	52	78
Test 870	1	30	31
Test 871	55	41	96
Test 872	54	51	105
Test 873	67	89	156
Test 874	27	21	48
Test 875	68	18	86
Test 876	25	98	123
Test 877	75	33	108
Test 878	17	52	69
Test 879	15	62	77
Test 880	98	77	175
Test 881	65	89	154
Test 882	18	74	92
Test 883	93	75	168
Test 884	43	69	112
Test 885	85	85	170
Test 886	26	94	120
Test 887	78	95	173
Test 888	51	94	145
Test 889	47	14	61
Test 890	38	38	76
Test 891	52	33	85
Test 892	32	80	112
Test 893	28	22	50
Test 894	36	51	87
Test 895	86	49	135
Test 896	49	25	74
Test 897	94	30	124
Test 898	77	15	92
Test 899	36	22	58
Test 900	95	60	155
Test 901	89	60	149
Test 902	95	70	165
Test 903	85	57	142
Test 904	14	58	72
Test 905	16	31	47
Test 906	80	63	143
Test 907	8	13	21
Test 908	58	25	83
Test 909	25	42	67
Test 910	54	70	124
Test 911	22	82	104
Test 912	63	42	105
Test 913	59	97	156
Test 914	24	77	101
Test 915	19	61	80
Test 916	66	60	126
Test 917	98	34	132
Test 918	37	38	75
Test 919	2	35	37
Test 920	26	34	60
Test 921	61	35	96
Test 922	0	88	88
Test 923	7	89	96
Test 924	51	80	131
Test 925	73	23	96
Test 926	21	78	99
Test 927	80	74	154
Test 928	9	89	98
Test 929	28	49	77
Test 930	6	26	32
Test 931	6	11	17
Test 932	2	55	57
Test 933	1	67	68
Test 934	70	47	117
Test 935	78	5	83
Test 936	57	20	77
Test 937	70	97	167
Test 938	12	40	52
Test 939	9	18	27
Test 940	30	69	99
Test 941	92	90	182
Test 942	74	18	92
Test 943	19	19	38
Test 944	24	83	107
Test 945	5	36	41
Test 946	38	63	101
Test 947	72	71	143
Test 948	10	52	62
Test 949	50	6	56
Test 950	77	30	107
Test 951	35	11	46
Test 952	48	62	110
Test 953	45	61	106
Test 954	89	83	172
Test 955	36	86	122
Test 956	53	80	133
Test 957	44	7	51
Test 958	5	38	43
Test 959	1	90	91
Test 960	77	40	117
Test 961	5	92	97
Test 962	11	39	50
Test 963	17	79	96
Test 964	33	68	101
Test 965	24	82	106
Test 966	27	64	91
Test 967	78	66	144
Test 968	16	6	22
Test 969	7	57	64
Test 970	63	68	131
Test 971	85	36	121
Test 972	70	67	137
Test 973	10	24	34
Test 974	99	98	197
Test 975	86	64	150
Test 976	75	29	104
Test 977	60	79	139
Test 978	40	57	97
Test 979	34	13	47
Test 980	43	57	100
Test 981	99	48	147
Test 982	90	26	116
Test 983	34	17	51
Test 984	36	83	119
Test 985	56	75	131
Test 986	71	92	163
Test 987	18	65	83
Test 988	5	7	12
Test 989	95	26	121
Test 990	82	74	156
Test 991	74	27	101
Test 992	82	15	97
Test 993	94	5	99
Test 994	83	97	180
Test 995	91	94	185
Test 996	86	16	102
Test 997	39	23	62
Test 998	91	80	171
Test 999	61	6	67
Test 1000	46	98	144
Test 1001	32	50	82
Test 1002	13	7	20
Test 1003	93	34	127
Test 1004	37	77	114
Test 1005	90	82	172
Test 1006	51	51	102
Test 1007	39	18	57
Test 1008	75	3	78
Test 1009	32	89	121
Test 1010	95	23	118
Test 1011	63	26	89
Test 1012	44	29	73
Test 1013	95	82	177
Test 1014	64	62	126
Test 1015	73	1	74
Test 1016	22	69	91
Test 1017	31	16	47
Test 1018	64	34	98
Test 1019	68	54	122
Test 1020	6	77	83
Test 1021	49	89	138
Test 1022	6	9	15
Test 1023	12	44	56
Test 1024	2	78	80
Test 1025	81	13	94
Test 1026	57	17	74
Test 1027	80	34	114
Test 1028	63	98	161
Test 1029	26	51	77
Test 1030	36	4	40
Test 1031	40	22	62
Test 1032	83	55	138
Test 1033	16	68	84
Test 1034	89	31	120
Test 1035	48	89	137
Test 1036	15	74	89
Test 1037	33	30	63
Test 1038	58	95	153
Test 1039	59	40	99
Test 1040	93	45	138
Test 1041	46	9	55
Test 1042	44	89	133
Test 1043	31	43	74
Test 1044	78	6	84
Test 1045	24	50	74
Test 1046	19	47	66
Test 1047	7	30	37
Test 1048	66	38	104
Test 1049	92	86	178
Test 1050	14	60	74
Test 1051	9	25	34
Test 1052	55	2	57
Test 1053	67	14	81
Test 1054	58	98	156
Test 1055	3	98	101
Test 1056	61	55	116
Test 1057	10	32	42
Test 1058	62	24	86
Test 1059	73	56	129
Test 1060	16	61	77
Test 1061	66	31	97
Test 1062	31	1	32
Test 1063	83	19	102
Test 1064	23	0	23
Test 1065	66	74	140
Test 1066	3	14	17
Test 1067	60	66	126
Test 1068	33	67	100
Test 1069	61	33	94
Test 1070	80	97	177
Test 1071	46	33	79
Test 1072	64	52	116
Test 1073	54	80	134
Test 1074	25	93	118
Test 1075	2	70	72
Test 1076	99	86	185
Test 1077	69	82	151
Test 1078	17	90	107
Test 1079	53	70	123
Test 1080	99	49	148
Test 1081	78	65	143
Test 1082	92	47	139
Test 1083	81	87	168
Test 1084	24	22	46
Test 1085	47	7	54
Test 1086	39	18	57
Test 1087	30	33	63
Test 1088	53	86	139
Test 1089	44	91	135
Test 1090	6	11	17
Test 1091	29	91	120
Test 1092	9	80	89
Test 1093	70	11	81
Test 1094	11	37	48
Test 1095	61	5	66
Test 1096	25	37	62
Test 1097	17	31	48
Test 1098	19	50	69
Test 1099	2	20	22
Test 1100	13	40	53
Test 1101	77	40	117
Test 1102	63	66	129
Test 1103	99	40	139
Test 1104	79	55	134
Test 1105	52	86	138
Test 1106	18	55	73
Test 1107	20	93	113
Test 1108	76	27	103
Test 1109	7	98	105
Test 1110	92	51	143
Test 1111	7	0	7
Test 1112	92	34	126
Test 1113	1	67	68
Test 1114	23	38	61
Test 1115	60	98	158
Test 1116	74	57	131
Test 1117	42	64	106
Test 1118	86	65	151
Test 1119	9	4	13
Test 1120	92	15	107
Test 1121	51	95	146
Test 1122	80	25	105
Test 1123	35	65	100
Test 1124	7	76	83
Test 1125	31	35	66
Test 1126	78	37	115
Test 1127	26	11	37
Test 1128	44	88	132
Test 1129	52	72	124
Test 1130	35	89	124
Test 1131	93	23	116
Test 1132	37	19	56
Test 1133	47	99	146
Test 1134	16	70	86
Test 1135	21	81	102
Test 1136	93	12	105
Test 1137	34	22	56
Test 1138	10	73	83
Test 1139	34	12	46
Test 1140	47	69	116
Test 1141	16	24	40
Test 1142	17	16	33
Test 1143	75	45	120
Test 1144	48	47	95
Test 1145	26	12	38
Test 1146	34	85	119
Test 1147	13	4	17
Test 1148	85	88	173
Test 1149	10	97	107
Test 1150	10	92	102
Test 1151	59	6	65
Test 1152	84	92	176
Test 1153	18	2	20
Test 1154	94	71	165
Test 1155	86	41	127
Test 1156	89	45	134
Test 1157	1	73	74
Test 1158	19	72	91
Test 1159	3	47	50
Test 1160	86	60	146
Test 1161	45	80	125
Test 1162	2	7	9
Test 1163	16	10	26
Test 1164	45	65	110
Test 1165	14	1	15
Test 1166	21	85	106
Test 1167	46	0	46
Test 1168	64	25	89
Test 1169	66	86	152
Test 1170	95	47	142
Test 1171	40	97	137
Test 1172	97	82	179
Test 1173	23	41	64
Test 1174	82	96	178
Test 1175	33	38	71
Test 1176	20	42	62
Test 1177	78	26	104
Test 1178	33	34	67
Test 1179	73	99	172
Test 1180	13	62	75
Test 1181	84	90	174
Test 1182	65	61	126
Test 1183	96	54	150
Test 1184	29	10	39
Test 1185	89	28	117
Test 1186	31	55	86
Test 1187	97	90	187
Test 1188	94	24	118
Test 1189	95	84	179
Test 1190	56	73	129
Test 1191	18	65	83
Test 1192	85	29	114
Test 1193	29	3	32
Test 1194	57	94	151
Test 1195	55	59	114
Test 1196	58	92	150
Test 1197	26	41	67
Test 1198	52	56	108
Test 1199	96	51	147
Test 1200	14	91	105
Test 1201	82	97	179
Test 1202	91	24	115
Test 1203	52	70	122
Test 1204	56	41	97
Test 1205	65	54	119
Test 1206	8	54	62
Test 1207	18	3	21
Test 1208	51	75	126
Test 1209	72	64	136
Test 1210	5	24	29
Test 1211	42	21	63
Test 1212	77	20	97
Test 1213	71	71	142
Test 1214	38	27	65
Test 1215	42	65	107
Test 1216	42	59	101
Test 1217	25	82	107
Test 1218	27	34	61
Test 1219	32	88	120
Test 1220	76	76	152
Test 1221	20	96	116
Test 1222	19	72	91
Test 1223	45	65	110
Test 1224	12	60	72
Test 1225	91	90	181
Test 1226	90	72	162
Test 1227	60	91	151
Test 1228	20	10	30
Test 1229	99	7	106
Test 1230	38	99	137
Test 1231	59	94	153
Test 1232	14	66	80
Test 1233	16	38	54
Test 1234	81	71	152
Test 1235	0	13	13
Test 1236	29	24	53
Test 1237	80	92	172
Test 1238	83	52	135
Test 1239	33	68	101
Test 1240	47	29	76
Test 1241	70	60	130
Test 1242	39	18	57
Test 1243	13	55	68
Test 1244	65	54	119
Test 1245	67	21	88
Test 1246	66	44	110
Test 1247	76	76	152
Test 1248	4	14	18
Test 1249	89	14	103
Test 1250	82	8	90
Test 1251	63	30	93
Test 1252	3	0	3
Test 1253	25	16	41
Test 1254	41	57	98
Test 1255	75	11	86
Test 1256	4	43	47
Test 1257	88	53	141
Test 1258	30	33	63
Test 1259	34	96	130
Test 1260	71	89	160
Test 1261	2	1	3
Test 1262	35	14	49
Test 1263	93	31	124
Test 1264	98	68	166
Test 1265	44	24	68
Test 1266	86	71	157
Test 1267	43	97	140
Test 1268	46	35	81
Test 1269	22	25	47
Test 1270	16	29	45
Test 1271	84	99	183
Test 1272	63	66	129
Test 1273	61	1	62
Test 1274	83	55	138
Test 1275	28	82	110
Test 1276	68	87	155
Test 1277	12	94	106
Test 1278	77	96	173
Test 1279	94	91	185
Test 1280	34	39	73
Test 1281	66	3	69
Test 1282	87	26	113
Test 1283	51	81	132
Test 1284	65	67	132
Test 1285	80	64	144
Test 1286	82	67	149
Test 1287	21	85	106
Test 1288	17	58	75
Test 1289	93	57	150
Test 1290	58	7	65
Test 1291	48	82	130
Test 1292	40	53	93
Test 1293	62	72	134
Test 1294	32	32	64
Test 1295	57	57	114
Test 1296	95	92	187
Test 1297	64	99	163
Test 1298	61	48	109
Test 1299	21	46	67
Test 1300	44	54	98
Test 1301	4	12	16
Test 1302	30	0	30
Test 1303	45	59	104
Test 1304	28	6	34
Test 1305	68	29	97
Test 1306	10	28	38
Test 1307	48	35	83
Test 1308	36	75	111
Test 1309	57	77	134
Test 1310	54	53	107
Test 1311	6	41	47
Test 1312	91	21	112
Test 1313	92	59	151
Test 1314	87	21	108
Test 1315	55	40	95
Test 1316	17	82	99
Test 1317	81	32	113
Test 1318	76	0	76
Test 1319	36	53	89
Test 1320	10	63	73
Test 1321	60	24	84
Test 1322	44	52	96
Test 1323	79	53	132
Test 1324	71	98	169
Test 1325	1	86	87
Test 1326	80	81	161
Test 1327	65	38	103
Test 1328	97	55	152
Test 1329	92	46	138
Test 1330	7	10	17
Test 1331	21	12	33
Test 1332	61	6	67
Test 1333	61	72	133
Test 1334	63	82	145
Test 1335	36	95	131
Test 1336	82	24	106
Test 1337	77	60	137
Test 1338	28	89	117
Test 1339	58	88	146
Test 1340	65	40	105
Test 1341	60	61	121
Test 1342	28	50	78
Test 1343	50	79	129
Test 1344	92	27	119
Test 1345	20	52	72
Test 1346	55	69	124
Test 1347	64	38	102
Test 1348	41	70	111
Test 1349	74	66	140
Test 1350	3	52	55
Test 1351	63	70	133
Test 1352	47	9	56
Test 1353	23	79	102
Test 1354	13	68	81
Test 1355	76	11	87
Test 1356	64	35	99
Test 1357	95	13	108
Test 1358	46	85	131
Test 1359	63	18	81
Test 1360	39	70	109
Test 1361	92	38	130
Test 1362	24	22	46
Test 1363	73	83	156
Test 1364	71	68	139
Test 1365	39	82	121
Test 1366	11	41	52
Test 1367	41	47	88
Test 1368	44	83	127
Test 1369	96	38	134
Test 1370	2	74	76
Test 1371	90	74	164
Test 1372	3	22	25
Test 1373	8	49	57
Test 1374	95	1	96
Test 1375	32	96	128
Test 1376	69	88	157
Test 1377	10	73	83
Test 1378	6	76	82
Test 1379	56	58	114
Test 1380	38	87	125
Test 1381	10	77	87
Test 1382	87	81	168
Test 1383	9	98	107
Test 1384	27	81	108
Test 1385	8	3	11
Test 1386	31	42	73
Test 1387	44	78	122
Test 1388	49	54	103
Test 1389	56	43	99
Test 1390	89	75	164
Test 1391	38	44	82
Test 1392	15	41	56
Test 1393	18	2	20
Test 1394	72	6	78
Test 1395	73	22	95
Test 1396	31	84	115
Test 1397	13	95	108
Test 1398	83	72	155
Test 1399	39	85	124
Test 1400	10	79	89
Test 1401	33	8	41
Test 1402	1	58	59
Test 1403	78	20	98
Test 1404	84	60	144
Test 1405	68	79	147
Test 1406	56	22	78
Test 1407	99	60	159
Test 1408	37	9	46
Test 1409	33	9	42
Test 1410	22	82	104
Test 1411	78	77	155
Test 1412	40	53	93
Test 1413	23	73	96
Test 1414	18	92	110
Test 1415	40	53	93
Test 1416	45	59	104
Test 1417	81	28	109
Test 1418	16	9	25
Test 1419	65	50	115
Test 1420	78	20	98
Test 1421	44	25	69
Test 1422	67	42	109
Test 1423	42	24	66
Test 1424	10	79	89
Test 1425	97	11	108
Test 1426	72	59	131
Test 1427	21	14	35
Test 1428	60	18	78
Test 1429	27	88	115
Test 1430	86	94	180
Test 1431	66	68	134
Test 1432	65	23	88
Test 1433	4	15	19
Test 1434	78	36	114
Test 1435	34	8	42
Test 1436	86	99	185
Test 1437	52	78	130
Test 1438	82	89	171
Test 1439	25	88	113
Test 1440	94	98	192
Test 1441	16	50	66
Test 1442	16	3	19
Test 1443	54	39	93
Test 1444	54	19	73
Test 1445	33	17	50
Test 1446	99	51	150
Test 1447	8	81	89
Test 1448	62	8	70
Test 1449	16	44	60
Test 1450	81	46	127
Test 1451	29	71	100
Test 1452	50	89	139
Test 1453	99	35	134
Test 1454	63	98	161
Test 1455	51	4	55
Test 1456	66	53	119
Test 1457	21	7	28
Test 1458	22	0	22
Test 1459	98	57	155
Test 1460	39	27	66
Test 1461	59	34	93
Test 1462	36	80	116
Test 1463	0	30	30
Test 1464	26	40	66
Test 1465	62	27	89
Test 1466	70	20	90
Test 1467	44	70	114
Test 1468	15	15	30
Test 1469	17	41	58
Test 1470	6	26	32
Test 1471	31	30	61
Test 1472	46	24	70
Test 1473	3	22	25
Test 1474	7	84	91
Test 1475	19	44	63
Test 1476	20	48	68
Test 1477	72	15	87
Test 1478	20	23	43
Test 1479	97	57	154
Test 1480	19	94	113
Test 1481	86	35	121
Test 1482	93	84	177
Test 1483	2	35	37
Test 1484	55	47	102
Test 1485	2	62	64
Test 1486	40	73	113
Test 1487	41	71	112
Test 1488	67	56	123
Test 1489	79	38	117
Test 1490	41	48	89
Test 1491	59	63	122
Test 1492	43	59	102
Test 1493	8	94	102
Test 1494	96	3	99
Test 1495	75	86	161
Test 1496	14	95	109
Test 1497	55	86	141
Test 1498	21	73	94
Test 1499	2	96	98
Test 1500	12	73	85
Test 1501	86	31	117
Test 1502	41	2	43
Test 1503	25	95	120
Test 1504	55	4	59
Test 1505	37	41	78
Test 1506	32	86	118
Test 1507	76	75	151
Test 1508	6	29	35
Test 1509	38	17	55
Test 1510	52	33	85
Test 1511	98	0	98
Test 1512	65	20	85
Test 1513	83	45	128
Test 1514	61	56	117
Test 1515	15	13	28
Test 1516	44	83	127
Test 1517	56	25	81
Test 1518	19	36	55
Test 1519	95	86	181
Test 1520	48	4	52
Test 1521	0	32	32
Test 1522	39	11	50
Test 1523	49	95	144
Test 1524	86	76	162
Test 1525	17	46	63
Test 1526	28	12	40
Test 1527	11	76	87
Test 1528	44	47	91
Test 1529	6	84	90
Test 1530	35	59	94
Test 1531	54	73	127
Test 1532	87	8	95
Test 1533	96	8	104
Test 1534	18	68	86
Test 1535	72	81	153
Test 1536	16	8	24
Test 1537	78	92	170
Test 1538	72	97	169
Test 1539	78	38	116
Test 1540	21	10	31
Test 1541	76	61	137
Test 1542	73	57	130
Test 1543	2	31	33
Test 1544	8	95	103
Test 1545	62	62	124
Test 1546	53	52	105
Test 1547	78	1	79
Test 1548	26	77	103
Test 1549	97	12	109
Test 1550	84	36	120
Test 1551	30	32	62
Test 1552	35	53	88
Test 1553	33	84	117
Test 1554	12	12	24
Test 1555	55	18	73
Test 1556	6	4	10
Test 1557	5	21	26
Test 1558	86	35	121
Test 1559	79	17	96
Test 1560	39	24	63
Test 1561	19	58	77
Test 1562	51	23	74
Test 1563	81	50	131
Test 1564	78	26	104
Test 1565	68	80	148
Test 1566	54	13	67
Test 1567	82	53	135
Test 1568	51	91	142
Test 1569	37	37	74
Test 1570	17	64	81
Test 1571	35	32	67
Test 1572	53	62	115
Test 1573	73	20	93
Test 1574	13	30	43
Test 1575	30	36	66
Test 1576	2	18	20
Test 1577	9	29	38
Test 1578	28	21	49
Test 1579	15	98	113
Test 1580	88	20	108
Test 1581	29	46	75
Test 1582	8	70	78
Test 1583	56	99	155
Test 1584	3	48	51
Test 1585	44	79	123
Test 1586	59	37	96
Test 1587	71	89	160
Test 1588	59	6	65
Test 1589	37	86	123
Test 1590	21	1	22
Test 1591	86	93	179
Test 1592	82	25	107
Test 1593	10	18	28
Test 1594	40	93	133
Test 1595	93	26	119
Test 1596	34	37	71
Test 1597	2	82	84
Test 1598	42	44	86
Test 1599	29	26	55
Test 1600	35	53	88
Test 1601	42	44	86
Test 1602	38	51	89
Test 1603	49	44	93
Test 1604	36	64	100
Test 1605	93	95	188
Test 1606	28	86	114
Test 1607	77	73	150
Test 1608	45	94	139
Test 1609	34	84	118
Test 1610	3	78	81
Test 1611	31	6	37
Test 1612	41	55	96
Test 1613	81	76	157
Test 1614	8	80	88
Test 1615	47	83	130
Test 1616	65	89	154
Test 1617	40	33	73
Test 1618	28	3	31
Test 1619	93	57	150
Test 1620	52	79	131
Test 1621	14	28	42
Test 1622	18	91	109
Test 1623	84	62	146
Test 1624	72	49	121
Test 1625	64	93	157
Test 1626	38	7	45
Test 1627	63	64	127
Test 1628	20	7	27
Test 1629	3	79	82
Test 1630	69	90	159
Test 1631	93	86	179
Test 1632	46	21	67
Test 1633	19	44	63
Test 1634	2	31	33
Test 1635	67	69	136
Test 1636	36	14	50
Test 1637	29	21	50
Test 1638	97	22	119
Test 1639	86	86	172
Test 1640	15	74	89
Test 1641	91	18	109
Test 1642	41	50	91
Test 1643	2	57	59
Test 1644	93	42	135
Test 1645	94	88	182
Test 1646	26	70	96
Test 1647	54	20	74
Test 1648	82	33	115
Test 1649	21	61	82
Test 1650	86	61	147
Test 1651	42	99	141
Test 1652	92	81	173
Test 1653	88	84	172
Test 1654	53	12	65
Test 1655	7	95	102
Test 1656	28	40	68
Test 1657	11	9	20
Test 1658	89	71	160
Test 1659	72	27	99
Test 1660	58	42	100
Test 1661	24	91	115
Test 1662	56	41	97
Test 1663	28	29	57
Test 1664	39	57	96
Test 1665	8	10	18
Test 1666	98	85	183
Test 1667	69	55	124
Test 1668	72	64	136
Test 1669	76	99	175
Test 1670	43	83	126
Test 1671	47	60	107
Test 1672	23	21	44
Test 1673	17	66	83
Test 1674	64	38	102
Test 1675	85	63	148
Test 1676	40	56	96
Test 1677	27	49	76
Test 1678	26	50	76
Test 1679	30	34	64
Test 1680	2	6	8
Test 1681	53	71	124
Test 1682	11	11	22
Test 1683	8	76	84
Test 1684	65	74	139
Test 1685	1	84	85
Test 1686	83	0	83
Test 1687	29	31	60
Test 1688	98	72	170
Test 1689	41	86	127
Test 1690	24	31	55
Test 1691	89	43	132
Test 1692	77	88	165
Test 1693	38	46	84
Test 1694	21	95	116
Test 1695	49	30	79
Test 1696	42	92	134
Test 1697	3	64	67
Test 1698	99	45	144
Test 1699	71	73	144
Test 1700	46	83	129
Test 1701	38	54	92
Test 1702	80	75	155
Test 1703	18	90	108
Test 1704	91	93	184
Test 1705	7	14	21
Test 1706	86	11	97
Test 1707	61	89	150
Test 1708	91	99	190
Test 1709	91	69	160
Test 1710	32	5	37
Test 1711	86	21	107
Test 1712	18	56	74
Test 1713	71	81	152
Test 1714	13	54	67
Test 1715	18	15	33
Test 1716	36	3	39
Test 1717	51	23	74
Test 1718	52	44	96
Test 1719	57	70	127
Test 1720	6	45	51
Test 1721	27	62	89
Test 1722	60	82	142
Test 1723	71	93	164
Test 1724	0	64	64
Test 1725	36	59	95
Test 1726	77	46	123
Test 1727	54	32	86
Test 1728	85	80	165
Test 1729	8	5	13
Test 1730	38	50	88
Test 1731	61	9	70
Test 1732	18	42	60
Test 1733	58	23	81
Test 1734	90	4	94
Test 1735	77	79	156
Test 1736	62	63	125
Test 1737	3	40	43
Test 1738	85	19	104
Test 1739	93	61	154
Test 1740	12	44	56
Test 1741	12	93	105
Test 1742	74	87	161
Test 1743	67	52	119
Test 1744	54	17	71
Test 1745	97	62	159
Test 1746	77	62	139
Test 1747	33	18	51
Test 1748	78	94	172
Test 1749	85	55	140
Test 1750	24	31	55
Test 1751	31	75	106
Test 1752	19	14	33
Test 1753	83	46	129
Test 1754	28	91	119
Test 1755	87	27	114
Test 1756	55	14	69
Test 1757	47	35	82
Test 1758	42	87	129
Test 1759	67	65	132
Test 1760	42	88	130
Test 1761	27	68	95
Test 1762	19	29	48
Test 1763	54	85	139
Test 1764	88	24	112
Test 1765	63	59	122
Test 1766	15	39	54
Test 1767	90	60	150
Test 1768	25	56	81
Test 1769	14	75	89
Test 1770	82	38	120
Test 1771	21	85	106
Test 1772	98	3	101
Test 1773	11	16	27
Test 1774	67	40	107
Test 1775	61	1	62
Test 1776	80	11	91
Test 1777	96	7	103
Test 1778	34	75	109
Test 1779	67	90	157
Test 1780	22	73	95
Test 1781	9	18	27
Test 1782	50	31	81
Test 1783	68	13	81
Test 1784	39	40	79
Test 1785	49	86	135
Test 1786	22	55	77
Test 1787	74	96	170
Test 1788	2	91	93
Test 1789	88	93	181
Test 1790	83	44	127
Test 1791	97	84	181
Test 1792	13	95	108
Test 1793	81	3	84
Test 1794	48	14	62
Test 1795	74	6	80
Test 1796	13	62	75
Test 1797	49	70	119
Test 1798	80	97	177
Test 1799	13	47	60
Test 1800	75	14	89
Test 1801	58	86	144
Test 1802	62	28	90
Test 1803	73	2	75
Test 1804	66	19	85
Test 1805	14	21	35
Test 1806	21	35	56
Test 1807	28	98	126
Test 1808	49	62	111
Test 1809	48	24	72
Test 1810	52	25	77
Test 1811	34	0	34
Test 1812	37	19	56
Test 1813	33	75	108
Test 1814	45	89	134
Test 1815	19	11	30
Test 1816	22	67	89
Test 1817	90	74	164
Test 1818	73	75	148
Test 1819	11	23	34
Test 1820	98	57	155
Test 1821	28	20	48
Test 1822	81	30	111
Test 1823	38	41	79
Test 1824	15	34	49
Test 1825	34	81	115
Test 1826	86	71	157
Test 1827	66	26	92
Test 1828	48	99	147
Test 1829	82	71	153
Test 1830	44	56	100
Test 1831	14	5	19
Test 1832	88	82	170
Test 1833	32	95	127
Test 1834	3	33	36
Test 1835	3	62	65
Test 1836	80	82	162
Test 1837	87	46	133
Test 1838	62	46	108
Test 1839	50	10	60
Test 1840	52	48	100
Test 1841	50	54	104
Test 1842	58	79	137
Test 1843	15	63	78
Test 1844	29	36	65
Test 1845	34	90	124
Test 1846	2	52	54
Test 1847	57	47	104
Test 1848	17	23	40
Test 1849	32	66	98
Test 1850	52	62	114
Test 1851	19	86	105
Test 1852	73	17	90
Test 1853	95	52	147
Test 1854	22	27	49
Test 1855	84	69	153
Test 1856	12	42	54
Test 1857	68	22	90
Test 1858	38	63	101
Test 1859	22	45	67
Test 1860	6	75	81
Test 1861	24	72	96
Test 1862	71	97	168
Test 1863	22	49	71
Test 1864	31	28	59
Test 1865	7	7	14
Test 1866	49	89	138
Test 1867	55	25	80
Test 1868	94	75	169
Test 1869	97	71	168
Test 1870	92	40	132
Test 1871	14	45	59
Test 1872	10	63	73
Test 1873	35	12	47
Test 1874	84	15	99
Test 1875	55	43	98
Test 1876	69	50	119
Test 1877	50	24	74
Test 1878	28	21	49
Test 1879	85	52	137
Test 1880	41	47	88
Test 1881	18	37	55
Test 1882	94	65	159
Test 1883	87	34	121
Test 1884	46	70	116
Test 1885	89	70	159
Test 1886	17	91	108
Test 1887	66	7	73
Test 1888	62	47	109
Test 1889	60	54	114
Test 1890	52	32	84
Test 1891	44	29	73
Test 1892	55	35	90
Test 1893	87	88	175
Test 1894	22	60	82
Test 1895	97	64	161
Test 1896	90	76	166
Test 1897	40	81	121
Test 1898	90	70	160
Test 1899	54	86	140
Test 1900	23	35	58
Test 1901	90	36	126
Test 1902	62	98	160
Test 1903	16	79	95
Test 1904	85	22	107
Test 1905	29	59	88
Test 1906	30	16	46
Test 1907	82	92	174
Test 1908	47	37	84
Test 1909	87	52	139
Test 1910	1	26	27
Test 1911	71	54	125
Test 1912	63	40	103
Test 1913	86	48	134
Test 1914	48	23	71
Test 1915	28	23	51
Test 1916	54	93	147
Test 1917	31	33	64
Test 1918	35	88	123
Test 1919	26	34	60
Test 1920	89	78	167
Test 1921	0	93	93
Test 1922	56	7	63
Test 1923	25	50	75
Test 1924	26	70	96
Test 1925	12	68	80
Test 1926	87	36	123
Test 1927	34	58	92
Test 1928	24	74	98
Test 1929	27	9	36
Test 1930	79	49	128
Test 1931	16	30	46
Test 1932	38	51	89
Test 1933	6	82	88
Test 1934	78	57	135
Test 1935	89	13	102
Test 1936	15	73	88
Test 1937	21	90	111
Test 1938	64	93	157
Test 1939	55	0	55
Test 1940	45	66	111
Test 1941	68	13	81
Test 1942	53	21	74
Test 1943	13	33	46
Test 1944	27	45	72
Test 1945	76	51	127
Test 1946	56	44	100
Test 1947	48	81	129
Test 1948	9	41	50
Test 1949	38	27	65
Test 1950	77	45	122
Test 1951	5	39	44
Test 1952	83	93	176
Test 1953	27	47	74
Test 1954	13	45	58
Test 1955	54	63	117
Test 1956	54	72	126
Test 1957	70	57	127
Test 1958	25	79	104
Test 1959	79	30	109
Test 1960	49	82	131
Test 1961	63	33	96
Test 1962	69	94	163
Test 1963	91	2	93
Test 1964	90	79	169
Test 1965	11	12	23
Test 1966	33	80	113
Test 1967	61	49	110
Test 1968	75	48	123
Test 1969	64	59	123
Test 1970	40	34	74
Test 1971	29	81	110
Test 1972	43	77	120
Test 1973	96	79	175
Test 1974	88	18	106
Test 1975	20	7	27
Test 1976	95	44	139
Test 1977	64	12	76
Test 1978	47	7	54
Test 1979	55	0	55
Test 1980	85	80	165
Test 1981	16	45	61
Test 1982	63	34	97
Test 1983	59	15	74
Test 1984	27	38	65
Test 1985	89	47	136
Test 1986	2	81	83
Test 1987	52	95	147
Test 1988	45	27	72
Test 1989	90	80	170
Test 1990	37	43	80
Test 1991	82	69	151
Test 1992	37	87	124
Test 1993	39	79	118
Test 1994	75	81	156
Test 1995	24	14	38
Test 1996	53	84	137
Test 1997	57	81	138
Test 1998	55	49	104
Test 1999	30	96	126
Test 2000	64	32	96
Test 2001	0	15	15
Test 2002	40	73	113
Test 2003	53	80	133
Test 2004	46	76	122
Test 2005	41	54	95
Test 2006	8	29	37
Test 2007	27	43	70
Test 2008	11	86	97
Test 2009	13	57	70
Test 2010	70	93	163
Test 2011	78	40	118
Test 2012	24	42	66
Test 2013	80	86	166
Test 2014	49	78	127
Test 2015	4	70	74
Test 2016	40	33	73
Test 2017	35	3	38
Test 2018	27	21	48
Test 2019	27	66	93
Test 2020	63	20	83
Test 2021	13	49	62
Test 2022	67	43	110
Test 2023	70	78	148
Test 2024	53	41	94
Test 2025	62	19	81
Test 2026	64	32	96
Test 2027	43	64	107
Test 2028	96	9	105
Test 2029	61	16	77
Test 2030	87	87	174
Test 2031	69	98	167
Test 2032	19	55	74
Test 2033	9	74	83
Test 2034	46	87	133
Test 2035	91	5	96
Test 2036	31	62	93
Test 2037	58	91	149
Test 2038	78	46	124
Test 2039	27	92	119
Test 2040	96	42	138
Test 2041	57	53	110
Test 2042	39	36	75
Test 2043	24	76	100
Test 2044	71	2	73
Test 2045	7	86	93
Test 2046	70	82	152
Test 2047	79	71	150
Test 2048	58	78	136
Test 2049	20	86	106
Test 2050	45	46	91
Test 2051	58	35	93
Test 2052	46	73	119
Test 2053	70	97	167
Test 2054	22	46	68
Test 2055	43	23	66
Test 2056	5	24	29
Test 2057	96	60	156
Test 2058	67	86	153
Test 2059	76	94	170
Test 2060	77	64	141
Test 2061	24	51	75
Test 2062	94	96	190
Test 2063	58	88	146
Test 2064	46	19	65
Test 2065	85	10	95
Test 2066	30	21	51
Test 2067	64	83	147
Test 2068	29	72	101
Test 2069	29	43	72
Test 2070	7	38	45
Test 2071	32	48	80
Test 2072	68	76	144
Test 2073	6	99	105
Test 2074	10	2	12
Test 2075	52	60	112
Test 2076	29	87	116
Test 2077	0	70	70
Test 2078	1	91	92
Test 2079	44	12	56
Test 2080	27	84	111
Test 2081	50	30	80
Test 2082	27	51	78
Test 2083	3	68	71
Test 2084	44	8	52
Test 2085	83	36	119
Test 2086	19	82	101
Test 2087	97	99	196
Test 2088	28	37	65
Test 2089	31	54	85
Test 2090	16	87	103
Test 2091	88	60	148
Test 2092	67	47	114
Test 2093	54	94	148
Test 2094	89	31	120
Test 2095	37	67	104
Test 2096	86	37	123
Test 2097	34	77	111
Test 2098	81	33	114
Test 2099	23	42	65
Test 2100	29	59	88
Test 2101	23	30	53
Test 2102	64	78	142
Test 2103	61	38	99
Test 2104	79	52	131
Test 2105	79	59	138
Test 2106	82	90	172
Test 2107	72	4	76
Test 2108	46	0	46
Test 2109	92	27	119
Test 2110	54	67	121
Test 2111	89	5	94
Test 2112	28	36	64
Test 2113	39	65	104
Test 2114	36	98	134
Test 2115	29	33	62
Test 2116	87	31	118
Test 2117	93	45	138
Test 2118	59	80	139
Test 2119	76	37	113
Test 2120	86	13	99
Test 2121	76	36	112
Test 2122	9	0	9
Test 2123	43	36	79
Test 2124	93	84	177
Test 2125	34	16	50
Test 2126	86	91	177
Test 2127	86	11	97
Test 2128	1	6	7
Test 2129	99	47	146
Test 2130	40	63	103
Test 2131	43	21	64
Test 2132	96	84	180
Test 2133	93	38	131
Test 2134	7	94	101
Test 2135	49	24	73
Test 2136	86	58	144
Test 2137	57	2	59
Test 2138	23	64	87
Test 2139	75	1	76
Test 2140	21	82	103
Test 2141	59	13	72
Test 2142	91	1	92
Test 2143	82	93	175
Test 2144	29	69	98
Test 2145	97	74	171
Test 2146	36	9	45
Test 2147	72	21	93
Test 2148	69	43	112
Test 2149	17	72	89
Test 2150	22	32	54
Test 2151	41	21	62
Test 2152	4	57	61
Test 2153	78	82	160
Test 2154	96	49	145
Test 2155	96	41	137
Test 2156	10	97	107
Test 2157	2	67	69
Test 2158	79	40	119
Test 2159	27	94	121
Test 2160	83	5	88
Test 2161	13	81	94
Test 2162	77	38	115
Test 2163	40	99	139
Test 2164	33	46	79
Test 2165	86	38	124
Test 2166	44	41	85
Test 2167	83	48	131
Test 2168	47	57	104
Test 2169	65	86	151
Test 2170	21	5	26
Test 2171	84	56	140
Test 2172	39	85	124
Test 2173	76	82	158
Test 2174	66	41	107
Test 2175	34	96	130
Test 2176	57	82	139
Test 2177	45	70	115
Test 2178	25	66	91
Test 2179	18	89	107
Test 2180	68	76	144
Test 2181	18	73	91
Test 2182	92	82	174
Test 2183	68	34	102
Test 2184	23	11	34
Test 2185	68	2	70
Test 2186	94	89	183
Test 2187	4	85	89
Test 2188	96	96	192
Test 2189	57	15	72
Test 2190	47	48	95
Test 2191	56	47	103
Test 2192	91	10	101
Test 2193	67	21	88
Test 2194	79	84	163
Test 2195	22	53	75
Test 2196	53	28	81
Test 2197	86	34	120
Test 2198	20	2	22
Test 2199	61	82	143
Test 2200	32	65	97
Test 2201	78	50	128
Test 2202	54	87	141
Test 2203	26	55	81
Test 2204	28	81	109
Test 2205	81	34	115
Test 2206	89	48	137
Test 2207	91	76	167
Test 2208	95	67	162
Test 2209	48	3	51
Test 2210	87	54	141
Test 2211	12	31	43
Test 2212	81	57	138
Test 2213	17	68	85
Test 2214	3	37	40
Test 2215	76	39	115
Test 2216	79	40	119
Test 2217	25	48	73
Test 2218	22	92	114
Test 2219	68	50	118
Test 2220	74	97	171
Test 2221	2	12	14
Test 2222	83	64	147
Test 2223	97	35	132
Test 2224	15	45	60
Test 2225	16	10	26
Test 2226	75	81	156
Test 2227	55	40	95
Test 2228	80	69	149
Test 2229	79	34	113
Test 2230	26	17	43
Test 2231	82	23	105
Test 2232	68	53	121
Test 2233	52	42	94
Test 2234	99	83	182
Test 2235	38	51	89
Test 2236	41	89	130
Test 2237	76	93	169
Test 2238	22	78	100
Test 2239	48	28	76
Test 2240	9	70	79
Test 2241	82	94	176
Test 2242	78	16	94
Test 2243	89	69	158
Test 2244	93	89	182
Test 2245	12	25	37
Test 2246	11	4	15
Test 2247	70	66	136
Test 2248	10	51	61
Test 2249	71	50	121
Test 2250	67	62	129
Test 2251	94	90	184
Test 2252	58	63	121
Test 2253	94	83	177
Test 2254	44	5	49
Test 2255	81	62	143
Test 2256	60	48	108
Test 2257	2	31	33
Test 2258	76	32	108
Test 2259	57	7	64
Test 2260	79	66	145
Test 2261	42	44	86
Test 2262	33	27	60
Test 2263	51	97	148
Test 2264	11	73	84
Test 2265	82	66	148
Test 2266	51	91	142
Test 2267	94	78	172
Test 2268	70	34	104
Test 2269	46	14	60
Test 2270	90	92	182
Test 2271	96	95	191
Test 2272	97	72	169
Test 2273	15	82	97
Test 2274	32	37	69
Test 2275	33	78	111
Test 2276	64	65	129
Test 2277	38	71	109
Test 2278	91	53	144
Test 2279	15	46	61
Test 2280	85	29	114
Test 2281	91	80	171
Test 2282	73	80	153
Test 2283	81	52	133
Test 2284	21	73	94
Test 2285	33	41	74
Test 2286	33	79	112
Test 2287	49	99	148
Test 2288	58	67	125
Test 2289	2	81	83
Test 2290	45	58	103
Test 2291	21	16	37
Test 2292	9	93	102
Test 2293	60	93	153
Test 2294	53	53	106
Test 2295	19	96	115
Test 2296	33	9	42
Test 2297	80	59	139
Test 2298	76	89	165
Test 2299	48	88	136
Test 2300	70	22	92
Test 2301	7	4	11
Test 2302	23	80	103
Test 2303	87	15	102
Test 2304	59	95	154
Test 2305	26	16	42
Test 2306	91	57	148
Test 2307	56	29	85
Test 2308	43	5	48
Test 2309	42	23	65
Test 2310	61	7	68
Test 2311	38	47	85
Test 2312	58	2	60
Test 2313	76	40	116
Test 2314	47	67	114
Test 2315	38	34	72
Test 2316	94	12	106
Test 2317	69	27	96
Test 2318	1	25	26
Test 2319	85	37	122
Test 2320	4	86	90
Test 2321	3	56	59
Test 2322	92	23	115
Test 2323	60	11	71
Test 2324	96	54	150
Test 2325	66	76	142
Test 2326	21	97	118
Test 2327	42	37	79
Test 2328	42	54	96
Test 2329	80	88	168
Test 2330	88	12	100
Test 2331	22	16	38
Test 2332	27	46	73
Test 2333	79	80	159
Test 2334	27	23	50
Test 2335	23	79	102
Test 2336	1	41	42
Test 2337	38	51	89
Test 2338	64	0	64
Test 2339	13	54	67
Test 2340	8	15	23
Test 2341	82	46	128
Test 2342	30	50	80
Test 2343	45	59	104
Test 2344	53	29	82
Test 2345	89	68	157
Test 2346	6	73	79
Test 2347	21	56	77
Test 2348	86	90	176
Test 2349	38	77	115
Test 2350	78	85	163
Test 2351	65	69	134
Test 2352	19	60	79
Test 2353	4	79	83
Test 2354	95	81	176
Test 2355	75	91	166
Test 2356	36	54	90
Test 2357	5	27	32
Test 2358	10	62	72
Test 2359	67	50	117
Test 2360	25	13	38
Test 2361	74	75	149
Test 2362	46	58	104
Test 2363	99	68	167
Test 2364	35	20	55
Test 2365	78	42	120
Test 2366	67	73	140
Test 2367	77	31	108
Test 2368	54	42	96
Test 2369	81	83	164
Test 2370	7	40	47
Test 2371	24	47	71
Test 2372	32	73	105
Test 2373	63	40	103
Test 2374	68	70	138
Test 2375	76	79	155
Test 2376	62	17	79
Test 2377	61	82	143
Test 2378	34	97	131
Test 2379	97	63	160
Test 2380	29	86	115
Test 2381	20	7	27
Test 2382	22	99	121
Test 2383	43	93	136
Test 2384	34	97	131
Test 2385	38	35	73
Test 2386	41	43	84
Test 2387	49	23	72
Test 2388	25	98	123
Test 2389	26	12	38
Test 2390	61	9	70
Test 2391	42	88	130
Test 2392	15	28	43
Test 2393	62	47	109
Test 2394	80	10	90
Test 2395	49	34	83
Test 2396	5	28	33
Test 2397	43	78	121
Test 2398	90	58	148
Test 2399	31	79	110
Test 2400	29	49	78
Test 2401	79	3	82
Test 2402	29	81	110
Test 2403	43	81	124
Test 2404	71	42	113
Test 2405	83	47	130
Test 2406	2	16	18
Test 2407	71	46	117
Test 2408	81	56	137
Test 2409	10	37	47
Test 2410	73	24	97
Test 2411	31	50	81
Test 2412	48	10	58
Test 2413	22	33	55
Test 2414	3	17	20
Test 2415	49	37	86
Test 2416	5	44	49
Test 2417	25	41	66
Test 2418	95	83	178
Test 2419	71	71	142
Test 2420	9	14	23
Test 2421	97	57	154
Test 2422	47	24	71
Test 2423	51	59	110
Test 2424	83	30	113
Test 2425	40	10	50
Test 2426	45	96	141
Test 2427	88	27	115
Test 2428	2	6	8
Test 2429	78	92	170
Test 2430	65	17	82
Test 2431	48	39	87
Test 2432	83	39	122
Test 2433	64	80	144
Test 2434	28	66	94
Test 2435	30	51	81
Test 2436	80	4	84
Test 2437	14	84	98
Test 2438	43	91	134
Test 2439	75	80	155
Test 2440	63	88	151
Test 2441	81	14	95
Test 2442	33	93	126
Test 2443	4	13	17
Test 2444	61	0	61
Test 2445	90	10	100
Test 2446	3	51	54
Test 2447	24	21	45
Test 2448	44	13	57
Test 2449	42	43	85
Test 2450	99	50	149
Test 2451	79	55	134
Test 2452	61	5	66
Test 2453	45	85	130
Test 2454	54	28	82
Test 2455	79	88	167
Test 2456	59	18	77
Test 2457	97	48	145
Test 2458	94	65	159
Test 2459	46	45	91
Test 2460	99	47	146
Test 2461	27	53	80
Test 2462	43	50	93
Test 2463	59	1	60
Test 2464	27	45	72
Test 2465	11	63	74
Test 2466	43	15	58
Test 2467	66	47	113
Test 2468	51	22	73
Test 2469	3	2	5
Test 2470	32	61	93
Test 2471	56	58	114
Test 2472	98	92	190
Test 2473	20	32	52
Test 2474	32	85	117
Test 2475	47	25	72
Test 2476	92	38	130
Test 2477	39	93	132
Test 2478	45	39	84
Test 2479	69	28	97
Test 2480	86	23	109
Test 2481	26	28	54
Test 2482	86	23	109
Test 2483	28	32	60
Test 2484	82	15	97
Test 2485	19	96	115
Test 2486	91	91	182
Test 2487	89	4	93
Test 2488	70	55	125
Test 2489	53	47	100
Test 2490	77	86	163
Test 2491	72	62	134
Test 2492	64	32	96
Test 2493	68	77	145
Test 2494	58	6	64
Test 2495	82	18	100
Test 2496	40	16	56
Test 2497	0	15	15
Test 2498	37	83	120
Test 2499	83	46	129
Test 2500	78	26	104
Test 2501	2	71	73
Test 2502	9	92	101
Test 2503	54	13	67
Test 2504	19	1	20
Test 2505	60	81	141
Test 2506	62	45	107
Test 2507	9	37	46
Test 2508	27	92	119
Test 2509	17	31	48
Test 2510	48	41	89
Test 2511	28	13	41
Test 2512	72	75	147
Test 2513	99	71	170
Test 2514	26	79	105
Test 2515	90	4	94
Test 2516	32	37	69
Test 2517	86	57	143
Test 2518	31	93	124
Test 2519	44	48	92
Test 2520	11	2	13
Test 2521	14	44	58
Test 2522	69	84	153
Test 2523	59	37	96
Test 2524	63	83	146
Test 2525	38	27	65
Test 2526	35	86	121
Test 2527	63	28	91
Test 2528	28	0	28
Test 2529	7	67	74
Test 2530	6	42	48
Test 2531	19	32	51
Test 2532	46	24	70
Test 2533	20	87	107
Test 2534	13	16	29
Test 2535	59	53	112
Test 2536	30	38	68
Test 2537	47	90	137
Test 2538	69	13	82
Test 2539	42	3	45
Test 2540	76	82	158
Test 2541	84	83	167
Test 2542	4	56	60
Test 2543	94	28	122
Test 2544	63	40	103
Test 2545	17	4	21
Test 2546	98	89	187
Test 2547	68	49	117
Test 2548	77	29	106
Test 2549	42	27	69
Test 2550	62	90	152
Test 2551	31	10	41
Test 2552	37	64	101
Test 2553	50	5	55
Test 2554	21	86	107
Test 2555	98	57	155
Test 2556	99	43	142
Test 2557	74	38	112
Test 2558	33	73	106
Test 2559	46	89	135
Test 2560	90	52	142
Test 2561	10	97	107
Test 2562	8	95	103
Test 2563	4	41	45
Test 2564	48	37	85
Test 2565	99	6	105
Test 2566	6	17	23
Test 2567	2	13	15
Test 2568	64	84	148
Test 2569	78	8	86
Test 2570	75	99	174
Test 2571	17	34	51
Test 2572	73	76	149
Test 2573	24	52	76
Test 2574	84	67	151
Test 2575	31	83	114
Test 2576	72	89	161
Test 2577	43	4	47
Test 2578	79	43	122
Test 2579	46	79	125
Test 2580	69	66	135
Test 2581	51	99	150
Test 2582	78	20	98
Test 2583	32	87	119
Test 2584	78	68	146
Test 2585	3	18	21
Test 2586	32	5	37
Test 2587	51	99	150
Test 2588	69	82	151
Test 2589	91	76	167
Test 2590	16	92	108
Test 2591	59	52	111
Test 2592	21	64	85
Test 2593	32	38	70
Test 2594	20	5	25
Test 2595	68	32	100
Test 2596	21	62	83
Test 2597	19	4	23
Test 2598	17	42	59
Test 2599	82	25	107
Test 2600	63	66	129
Test 2601	73	22	95
Test 2602	8	68	76
Test 2603	62	69	131
Test 2604	96	3	99
Test 2605	81	56	137
Test 2606	65	10	75
Test 2607	39	15	54
Test 2608	32	29	61
Test 2609	49	18	67
Test 2610	67	96	163
Test 2611	55	23	78
Test 2612	49	14	63
Test 2613	16	77	93
Test 2614	87	26	113
Test 2615	3	70	73
Test 2616	86	67	153
Test 2617	18	22	40
Test 2618	52	37	89
Test 2619	52	16	68
Test 2620	43	25	68
Test 2621	74	8	82
Test 2622	38	89	127
Test 2623	37	48	85
Test 2624	35	28	63
Test 2625	1	8	9
Test 2626	22	61	83
Test 2627	70	80	150
Test 2628	15	58	73
Test 2629	26	60	86
Test 2630	16	41	57
Test 2631	14	16	30
Test 2632	80	67	147
Test 2633	65	86	151
Test 2634	72	58	130
Test 2635	27	80	107
Test 2636	12	97	109
Test 2637	12	16	28
Test 2638	81	68	149
Test 2639	22	2	24
Test 2640	76	79	155
Test 2641	39	98	137
Test 2642	25	39	64
Test 2643	73	31	104
Test 2644	70	24	94
Test 2645	64	66	130
Test 2646	46	4	50
Test 2647	85	54	139
Test 2648	2	64	66
Test 2649	97	57	154
Test 2650	9	97	106
Test 2651	39	55	94
Test 2652	80	7	87
Test 2653	0	10	10
Test 2654	60	38	98
Test 2655	60	4	64
Test 2656	13	16	29
Test 2657	36	65	101
Test 2658	2	56	58
Test 2659	57	94	151
Test 2660	76	54	130
Test 2661	83	63	146
Test 2662	11	29	40
Test 2663	2	33	35
Test 2664	14	72	86
Test 2665	22	90	112
Test 2666	29	20	49
Test 2667	71	95	166
Test 2668	51	66	117
Test 2669	77	68	145
Test 2670	8	88	96
Test 2671	3	85	88
Test 2672	51	65	116
Test 2673	1	78	79
Test 2674	48	96	144
Test 2675	38	9	47
Test 2676	53	63	116
Test 2677	64	0	64
Test 2678	20	83	103
Test 2679	44	74	118
Test 2680	43	64	107
Test 2681	85	34	119
Test 2682	55	65	120
Test 2683	97	89	186
Test 2684	52	56	108
Test 2685	89	92	181
Test 2686	94	71	165
Test 2687	23	89	112
Test 2688	80	87	167
Test 2689	61	88	149
Test 2690	87	1	88
Test 2691	49	66	115
Test 2692	69	87	156
Test 2693	49	48	97
Test 2694	71	72	143
Test 2695	37	88	125
Test 2696	60	27	87
Test 2697	89	42	131
Test 2698	17	83	100
Test 2699	78	51	129
Test 2700	97	82	179
Test 2701	46	9	55
Test 2702	61	29	90
Test 2703	45	23	68
Test 2704	57	40	97
Test 2705	79	59	138
Test 2706	61	48	109
Test 2707	1	76	77
Test 2708	63	57	120
Test 2709	66	80	146
Test 2710	68	22	90
Test 2711	27	61	88
Test 2712	29	53	82
Test 2713	68	36	104
Test 2714	46	68	114
Test 2715	41	86	127
Test 2716	10	92	102
Test 2717	70	50	120
Test 2718	69	38	107
Test 2719	22	76	98
Test 2720	98	21	119
Test 2721	41	82	123
Test 2722	2	58	60
Test 2723	43	38	81
Test 2724	10	66	76
Test 2725	83	54	137
Test 2726	73	1	74
Test 2727	20	32	52
Test 2728	92	32	124
Test 2729	55	84	139
Test 2730	84	48	132
Test 2731	92	69	161
Test 2732	13	98	111
Test 2733	31	55	86
Test 2734	27	23	50
Test 2735	10	78	88
Test 2736	5	25	30
Test 2737	74	33	107
Test 2738	34	78	112
Test 2739	90	46	136
Test 2740	10	65	75
Test 2741	68	52	120
Test 2742	53	33	86
Test 2743	49	35	84
Test 2744	16	95	111
Test 2745	12	45	57
Test 2746	39	82	121
Test 2747	12	96	108
Test 2748	65	63	128
Test 2749	79	46	125
Test 2750	19	83	102
Test 2751	80	37	117
Test 2752	98	78	176
Test 2753	44	10	54
Test 2754	50	98	148
Test 2755	47	95	142
Test 2756	33	51	84
Test 2757	69	9	78
Test 2758	74	50	124
Test 2759	9	51	60
Test 2760	70	50	120
Test 2761	50	24	74
Test 2762	53	1	54
Test 2763	84	54	138
Test 2764	82	94	176
Test 2765	50	37	87
Test 2766	17	80	97
Test 2767	38	10	48
Test 2768	2	88	90
Test 2769	71	21	92
Test 2770	28	42	70
Test 2771	7	31	38
Test 2772	77	80	157
Test 2773	4	1	5
Test 2774	77	37	114
Test 2775	7	8	15
Test 2776	72	65	137
Test 2777	14	89	103
Test 2778	20	61	81
Test 2779	8	62	70
Test 2780	94	96	190
Test 2781	84	8	92
Test 2782	0	55	55
Test 2783	81	55	136
Test 2784	21	79	100
Test 2785	31	45	76
Test 2786	18	88	106
Test 2787	38	89	127
Test 2788	83	72	155
Test 2789	71	33	104
Test 2790	8	18	26
Test 2791	95	93	188
Test 2792	66	51	117
Test 2793	58	3	61
Test 2794	11	51	62
Test 2795	41	24	65
Test 2796	85	38	123
Test 2797	6	12	18
Test 2798	45	97	142
Test 2799	51	12	63
Test 2800	69	32	101
Test 2801	83	46	129
Test 2802	66	69	135
Test 2803	49	81	130
Test 2804	71	50	121
Test 2805	62	71	133
Test 2806	36	33	69
Test 2807	10	22	32
Test 2808	64	94	158
Test 2809	84	16	100
Test 2810	54	91	145
Test 2811	32	61	93
Test 2812	76	76	152
Test 2813	26	56	82
Test 2814	35	38	73
Test 2815	39	71	110
Test 2816	97	15	112
Test 2817	65	57	122
Test 2818	12	99	111
Test 2819	44	79	123
Test 2820	26	59	85
Test 2821	9	81	90
Test 2822	11	55	66
Test 2823	97	12	109
Test 2824	22	76	98
Test 2825	67	76	143
Test 2826	19	2	21
Test 2827	78	56	134
Test 2828	89	85	174
Test 2829	99	4	103
Test 2830	31	6	37
Test 2831	79	64	143
Test 2832	70	20	90
Test 2833	31	22	53
Test 2834	25	81	106
Test 2835	51	35	86
Test 2836	3	27	30
Test 2837	22	13	35
Test 2838	15	1	16
Test 2839	43	12	55
Test 2840	79	52	131
Test 2841	52	94	146
Test 2842	59	64	123
Test 2843	72	68	140
Test 2844	50	54	104
Test 2845	97	60	157
Test 2846	73	4	77
Test 2847	92	46	138
Test 2848	42	81	123
Test 2849	49	11	60
Test 2850	10	41	51
Test 2851	50	4	54
Test 2852	90	6	96
Test 2853	65	93	158
Test 2854	64	79	143
Test 2855	88	41	129
Test 2856	29	21	50
Test 2857	32	29	61
Test 2858	53	40	93
Test 2859	78	67	145
Test 2860	74	89	163
Test 2861	57	71	128
Test 2862	30	44	74
Test 2863	21	7	28
Test 2864	79	15	94
Test 2865	42	76	118
Test 2866	55	41	96
Test 2867	59	4	63
Test 2868	85	44	129
Test 2869	23	54	77
Test 2870	88	29	117
Test 2871	54	84	138
Test 2872	63	44	107
Test 2873	98	34	132
Test 2874	8	89	97
Test 2875	95	40	135
Test 2876	96	75	171
Test 2877	30	11	41
Test 2878	87	2	89
Test 2879	18	57	75
Test 2880	82	31	113
Test 2881	89	3	92
Test 2882	47	22	69
Test 2883	34	75	109
Test 2884	31	55	86
Test 2885	8	82	90
Test 2886	69	7	76
Test 2887	42	92	134
Test 2888	34	58	92
Test 2889	72	14	86
Test 2890	64	48	112
Test 2891	52	11	63
Test 2892	75	49	124
Test 2893	1	90	91
Test 2894	86	43	129
Test 2895	19	53	72
Test 2896	62	59	121
Test 2897	72	87	159
Test 2898	27	23	50
Test 2899	22	80	102
Test 2900	63	9	72
Test 2901	53	96	149
Test 2902	59	58	117
Test 2903	59	35	94
Test 2904	95	41	136
Test 2905	8	44	52
Test 2906	54	10	64
Test 2907	82	34	116
Test 2908	46	33	79
Test 2909	25	30	55
Test 2910	88	56	144
Test 2911	75	6	81
Test 2912	4	62	66
Test 2913	80	13	93
Test 2914	19	33	52
Test 2915	23	98	121
Test 2916	19	12	31
Test 2917	47	44	91
Test 2918	46	26	72
Test 2919	4	75	79
Test 2920	66	69	135
Test 2921	85	9	94
Test 2922	69	51	120
Test 2923	36	6	42
Test 2924	53	75	128
Test 2925	23	78	101
Test 2926	9	54	63
Test 2927	65	12	77
Test 2928	93	59	152
Test 2929	59	57	116
Test 2930	95	12	107
Test 2931	13	68	81
Test 2932	62	28	90
Test 2933	61	35	96
Test 2934	16	63	79
Test 2935	85	80	165
Test 2936	71	28	99
Test 2937	56	97	153
Test 2938	80	69	149
Test 2939	74	43	117
Test 2940	16	51	67
Test 2941	96	88	184
Test 2942	62	0	62
Test 2943	70	72	142
Test 2944	27	24	51
Test 2945	20	89	109
Test 2946	15	56	71
Test 2947	72	16	88
Test 2948	58	75	133
Test 2949	10	87	97
Test 2950	52	72	124
Test 2951	95	52	147
Test 2952	97	13	110
Test 2953	97	8	105
Test 2954	63	74	137
Test 2955	96	86	182
Test 2956	93	78	171
Test 2957	99	29	128
Test 2958	81	85	166
Test 2959	29	43	72
Test 2960	86	13	99
Test 2961	94	3	97
Test 2962	99	24	123
Test 2963	74	40	114
Test 2964	72	59	131
Test 2965	5	8	13
Test 2966	25	47	72
Test 2967	25	15	40
Test 2968	30	84	114
Test 2969	8	33	41
Test 2970	77	78	155
Test 2971	49	61	110
Test 2972	66	84	150
Test 2973	37	66	103
Test 2974	43	36	79
Test 2975	50	67	117
Test 2976	0	52	52
Test 2977	46	45	91
Test 2978	77	2	79
Test 2979	78	78	156
Test 2980	21	1	22
Test 2981	47	94	141
Test 2982	33	49	82
Test 2983	29	2	31
Test 2984	16	13	29
Test 2985	23	31	54
Test 2986	54	42	96
Test 2987	73	76	149
Test 2988	24	90	114
Test 2989	19	76	95
Test 2990	83	76	159
Test 2991	14	37	51
Test 2992	60	56	116
Test 2993	26	73	99
Test 2994	77	51	128
Test 2995	87	23	110
Test 2996	41	82	123
Test 2997	9	64	73
Test 2998	29	73	102
Test 2999	26	5	31
Test 3000	92	82	174
Test 3001	56	85	141
Test 3002	38	25	63
Test 3003	24	70	94
Test 3004	79	52	131
Test 3005	27	26	53
Test 3006	99	13	112
Test 3007	20	36	56
Test 3008	32	20	52
Test 3009	95	1	96
Test 3010	78	67	145
Test 3011	6	36	42
Test 3012	14	91	105
Test 3013	57	5	62
Test 3014	93	62	155
Test 3015	63	25	88
Test 3016	41	73	114
Test 3017	67	60	127
Test 3018	31	89	120
Test 3019	41	93	134
Test 3020	65	8	73
Test 3021	52	86	138
Test 3022	50	87	137
Test 3023	36	19	55
Test 3024	21	27	48
Test 3025	79	94	173
Test 3026	13	38	51
Test 3027	68	99	167
Test 3028	7	96	103
Test 3029	59	60	119
Test 3030	92	6	98
Test 3031	0	89	89
Test 3032	26	15	41
Test 3033	68	27	95
Test 3034	94	2	96
Test 3035	81	51	132
Test 3036	76	92	168
Test 3037	44	17	61
Test 3038	50	35	85
Test 3039	83	67	150
Test 3040	33	31	64
Test 3041	94	33	127
Test 3042	31	17	48
Test 3043	54	63	117
Test 3044	71	2	73
Test 3045	39	25	64
Test 3046	93	83	176
Test 3047	71	61	132
Test 3048	42	15	57
Test 3049	37	3	40
Test 3050	50	1	51
Test 3051	3	71	74
Test 3052	92	55	147
Test 3053	25	74	99
Test 3054	47	21	68
Test 3055	27	78	105
Test 3056	81	65	146
Test 3057	8	35	43
Test 3058	5	77	82
Test 3059	87	42	129
Test 3060	51	46	97
Test 3061	14	84	98
Test 3062	54	95	149
Test 3063	58	20	78
Test 3064	45	49	94
Test 3065	78	47	125
Test 3066	53	55	108
Test 3067	20	31	51
Test 3068	41	41	82
Test 3069	16	2	18
Test 3070	8	88	96
Test 3071	8	37	45
Test 3072	96	18	114
Test 3073	71	52	123
Test 3074	17	98	115
Test 3075	26	99	125
Test 3076	63	77	140
Test 3077	75	59	134
Test 3078	73	39	112
Test 3079	43	40	83
Test 3080	2	43	45
Test 3081	91	78	169
Test 3082	45	82	127
Test 3083	98	14	112
Test 3084	41	79	120
Test 3085	33	40	73
Test 3086	76	66	142
Test 3087	66	20	86
Test 3088	86	33	119
Test 3089	74	5	79
Test 3090	62	27	89
Test 3091	14	75	89
Test 3092	71	68	139
Test 3093	52	98	150
Test 3094	17	72	89
Test 3095	73	24	97
Test 3096	20	1	21
Test 3097	84	47	131
Test 3098	84	68	152
Test 3099	29	34	63
Test 3100	87	36	123
Test 3101	90	11	101
Test 3102	45	4	49
Test 3103	21	76	97
Test 3104	89	82	171
Test 3105	91	16	107
Test 3106	48	71	119
Test 3107	48	19	67
Test 3108	40	14	54
Test 3109	27	70	97
Test 3110	0	19	19
Test 3111	5	52	57
Test 3112	93	34	127
Test 3113	0	29	29
Test 3114	67	43	110
Test 3115	43	71	114
Test 3116	21	68	89
Test 3117	75	36	111
Test 3118	1	65	66
Test 3119	33	47	80
Test 3120	82	59	141
Test 3121	38	66	104
Test 3122	17	66	83
Test 3123	88	50	138
Test 3124	85	67	152
Test 3125	28	10	38
Test 3126	53	71	124
Test 3127	62	82	144
Test 3128	27	34	61
Test 3129	83	70	153
Test 3130	13	60	73
Test 3131	96	82	178
Test 3132	36	47	83
Test 3133	32	17	49
Test 3134	83	36	119
Test 3135	25	60	85
Test 3136	82	46	128
Test 3137	19	53	72
Test 3138	44	73	117
Test 3139	96	28	124
Test 3140	95	49	144
Test 3141	69	63	132
Test 3142	37	20	57
Test 3143	69	51	120
Test 3144	85	49	134
Test 3145	51	58	109
Test 3146	50	22	72
Test 3147	98	33	131
Test 3148	67	88	155
Test 3149	13	55	68
Test 3150	6	7	13
Test 3151	87	62	149
Test 3152	0	7	7
Test 3153	90	79	169
Test 3154	77	58	135
Test 3155	12	56	68
Test 3156	59	11	70
Test 3157	73	75	148
Test 3158	44	88	132
Test 3159	0	45	45
Test 3160	10	95	105
Test 3161	24	46	70
Test 3162	52	20	72
Test 3163	24	97	121
Test 3164	25	34	59
Test 3165	44	37	81
Test 3166	10	65	75
Test 3167	37	26	63
Test 3168	95	43	138
Test 3169	8	25	33
Test 3170	41	96	137
Test 3171	55	83	138
Test 3172	55	64	119
Test 3173	39	93	132
Test 3174	47	1	48
Test 3175	7	68	75
Test 3176	71	77	148
Test 3177	53	92	145
Test 3178	94	20	114
Test 3179	52	67	119
Test 3180	6	58	64
Test 3181	53	49	102
Test 3182	69	51	120
Test 3183	71	98	169
Test 3184	70	78	148
Test 3185	0	71	71
Test 3186	90	54	144
Test 3187	73	51	124
Test 3188	57	57	114
Test 3189	0	8	8
Test 3190	36	47	83
Test 3191	56	67	123
Test 3192	79	53	132
Test 3193	94	65	159
Test 3194	45	54	99
Test 3195	90	47	137
Test 3196	45	20	65
Test 3197	14	65	79
Test 3198	22	36	58
Test 3199	60	16	76
Test 3200	75	17	92
Test 3201	12	99	111
Test 3202	24	3	27
Test 3203	3	34	37
Test 3204	93	28	121
Test 3205	14	1	15
Test 3206	7	79	86
Test 3207	48	67	115
Test 3208	30	94	124
Test 3209	93	62	155
Test 3210	82	67	149
Test 3211	37	58	95
Test 3212	54	35	89
Test 3213	57	64	121
Test 3214	68	64	132
Test 3215	44	71	115
Test 3216	54	21	75
Test 3217	87	31	118
Test 3218	42	10	52
Test 3219	89	20	109
Test 3220	22	0	22
Test 3221	51	37	88
Test 3222	28	6	34
Test 3223	50	64	114
Test 3224	22	90	112
Test 3225	18	83	101
Test 3226	47	65	112
Test 3227	19	9	28
Test 3228	94	2	96
Test 3229	88	18	106
Test 3230	86	8	94
Test 3231	70	40	110
Test 3232	91	61	152
Test 3233	19	61	80
Test 3234	79	57	136
Test 3235	13	94	107
Test 3236	69	54	123
Test 3237	16	68	84
Test 3238	63	32	95
Test 3239	1	16	17
Test 3240	98	56	154
Test 3241	96	26	122
Test 3242	17	17	34
Test 3243	69	93	162
Test 3244	36	39	75
Test 3245	77	9	86
Test 3246	11	95	106
Test 3247	29	58	87
Test 3248	9	87	96
Test 3249	26	21	47
Test 3250	69	38	107
Test 3251	75	56	131
Test 3252	74	44	118
Test 3253	61	71	132
Test 3254	79	78	157
Test 3255	41	2	43
Test 3256	53	89	142
Test 3257	95	39	134
Test 3258	23	60	83
Test 3259	82	52	134
Test 3260	61	80	141
Test 3261	62	17	79
Test 3262	38	41	79
Test 3263	36	69	105
Test 3264	60	75	135
Test 3265	17	40	57
Test 3266	83	85	168
Test 3267	91	39	130
Test 3268	95	88	183
Test 3269	40	3	43
Test 3270	99	48	147
Test 3271	4	81	85
Test 3272	80	12	92
Test 3273	20	94	114
Test 3274	82	60	142
Test 3275	10	55	65
Test 3276	36	86	122
Test 3277	13	43	56
Test 3278	86	64	150
Test 3279	2	6	8
Test 3280	73	94	167
Test 3281	67	29	96
Test 3282	9	75	84
Test 3283	43	68	111
Test 3284	37	3	40
Test 3285	47	96	143
Test 3286	45	86	131
Test 3287	39	6	45
Test 3288	75	72	147
Test 3289	49	9	58
Test 3290	74	73	147
Test 3291	29	55	84
Test 3292	39	7	46
Test 3293	11	91	102
Test 3294	90	98	188
Test 3295	61	55	116
Test 3296	93	46	139
Test 3297	82	70	152
Test 3298	2	59	61
Test 3299	35	19	54
Test 3300	24	18	42
Test 3301	3	52	55
Test 3302	31	77	108
Test 3303	97	52	149
Test 3304	78	40	118
Test 3305	78	99	177
Test 3306	34	62	96
Test 3307	57	54	111
Test 3308	61	62	123
Test 3309	96	93	189
Test 3310	43	86	129
Test 3311	87	54	141
Test 3312	76	25	101
Test 3313	86	28	114
Test 3314	69	81	150
Test 3315	17	13	30
Test 3316	95	24	119
Test 3317	24	97	121
Test 3318	38	32	70
Test 3319	38	94	132
Test 3320	76	44	120
Test 3321	15	77	92
Test 3322	88	19	107
Test 3323	34	46	80
Test 3324	52	75	127
Test 3325	26	99	125
Test 3326	78	79	157
Test 3327	51	66	117
Test 3328	75	57	132
Test 3329	86	64	150
Test 3330	30	8	38
Test 3331	8	11	19
Test 3332	62	10	72
Test 3333	28	27	55
Test 3334	38	24	62
Test 3335	17	92	109
Test 3336	44	17	61
Test 3337	78	78	156
Test 3338	10	35	45
Test 3339	56	74	130
Test 3340	43	16	59
Test 3341	0	92	92
Test 3342	95	9	104
Test 3343	90	92	182
Test 3344	80	48	128
Test 3345	62	75	137
Test 3346	16	60	76
Test 3347	82	51	133
Test 3348	67	34	101
Test 3349	44	7	51
Test 3350	10	3	13
Test 3351	78	38	116
Test 3352	46	74	120
Test 3353	42	37	79
Test 3354	14	79	93
Test 3355	74	60	134
Test 3356	17	15	32
Test 3357	96	87	183
Test 3358	25	75	100
Test 3359	2	58	60
Test 3360	57	21	78
Test 3361	38	26	64
Test 3362	40	50	90
Test 3363	57	81	138
Test 3364	14	73	87
Test 3365	41	70	111
Test 3366	0	63	63
Test 3367	27	5	32
Test 3368	66	4	70
Test 3369	92	88	180
Test 3370	71	25	96
Test 3371	41	51	92
Test 3372	56	71	127
Test 3373	75	44	119
Test 3374	49	90	139
Test 3375	54	39	93
Test 3376	35	60	95
Test 3377	75	24	99
Test 3378	1	12	13
Test 3379	52	32	84
Test 3380	6	16	22
Test 3381	65	72	137
Test 3382	65	92	157
Test 3383	29	53	82
Test 3384	17	94	111
Test 3385	24	17	41
Test 3386	64	91	155
Test 3387	32	35	67
Test 3388	28	31	59
Test 3389	96	65	161
Test 3390	36	54	90
Test 3391	22	62	84
Test 3392	86	38	124
Test 3393	45	74	119
Test 3394	69	54	123
Test 3395	39	87	126
Test 3396	43	37	80
Test 3397	1	34	35
Test 3398	76	70	146
Test 3399	62	40	102
Test 3400	66	61	127
Test 3401	51	39	90
Test 3402	61	24	85
Test 3403	99	75	174
Test 3404	63	72	135
Test 3405	3	13	16
Test 3406	56	82	138
Test 3407	37	44	81
Test 3408	67	60	127
Test 3409	30	76	106
Test 3410	0	96	96
Test 3411	66	98	164
Test 3412	31	5	36
Test 3413	37	51	88
Test 3414	92	50	142
Test 3415	6	99	105
Test 3416	36	26	62
Test 3417	58	27	85
Test 3418	36	90	126
Test 3419	17	17	34
Test 3420	60	50	110
Test 3421	15	7	22
Test 3422	6	61	67
Test 3423	69	6	75
Test 3424	48	79	127
Test 3425	98	5	103
Test 3426	26	23	49
Test 3427	79	90	169
Test 3428	59	74	133
Test 3429	54	90	144
Test 3430	0	89	89
Test 3431	97	7	104
Test 3432	34	87	121
Test 3433	61	60	121
Test 3434	97	20	117
Test 3435	53	12	65
Test 3436	87	50	137
Test 3437	88	41	129
Test 3438	97	57	154
Test 3439	15	22	37
Test 3440	95	41	136
Test 3441	8	39	47
Test 3442	83	34	117
Test 3443	7	17	24
Test 3444	76	14	90
Test 3445	20	40	60
Test 3446	26	60	86
Test 3447	99	25	124
Test 3448	51	37	88
Test 3449	21	33	54
Test 3450	69	55	124
Test 3451	24	7	31
Test 3452	8	6	14
Test 3453	96	81	177
Test 3454	70	54	124
Test 3455	21	51	72
Test 3456	48	91	139
Test 3457	87	65	152
Test 3458	17	4	21
Test 3459	53	5	58
Test 3460	39	25	64
Test 3461	10	65	75
Test 3462	3	17	20
Test 3463	52	31	83
Test 3464	84	84	168
Test 3465	50	80	130
Test 3466	82	53	135
Test 3467	85	59	144
Test 3468	7	18	25
Test 3469	61	85	146
Test 3470	75	47	122
Test 3471	14	99	113
Test 3472	57	14	71
Test 3473	39	28	67
Test 3474	13	32	45
Test 3475	47	42	89
Test 3476	68	81	149
Test 3477	24	10	34
Test 3478	30	39	69
Test 3479	37	24	61
Test 3480	35	12	47
Test 3481	80	59	139
Test 3482	14	88	102
Test 3483	4	16	20
Test 3484	40	43	83
Test 3485	14	0	14
Test 3486	65	58	123
Test 3487	66	61	127
Test 3488	3	34	37
Test 3489	33	65	98
Test 3490	12	21	33
Test 3491	98	67	165
Test 3492	61	67	128
Test 3493	44	98	142
Test 3494	62	21	83
Test 3495	13	20	33
Test 3496	33	45	78
Test 3497	31	47	78
Test 3498	41	13	54
Test 3499	67	18	85
Test 3500	78	84	162
Test 3501	12	84	96
Test 3502	57	16	73
Test 3503	64	98	162
Test 3504	81	51	132
Test 3505	6	80	86
Test 3506	57	25	82
Test 3507	19	91	110
Test 3508	28	42	70
Test 3509	73	88	161
Test 3510	11	59	70
Test 3511	75	19	94
Test 3512	26	55	81
Test 3513	23	7	30
Test 3514	37	19	56
Test 3515	67	62	129
Test 3516	84	44	128
Test 3517	69	1	70
Test 3518	19	50	69
Test 3519	20	92	112
Test 3520	72	35	107
Test 3521	58	3	61
Test 3522	17	37	54
Test 3523	41	27	68
Test 3524	73	96	169
Test 3525	27	24	51
Test 3526	70	70	140
Test 3527	80	66	146
Test 3528	4	69	73
Test 3529	1	58	59
Test 3530	86	51	137
Test 3531	28	96	124
Test 3532	78	94	172
Test 3533	56	46	102
Test 3534	15	52	67
Test 3535	77	39	116
Test 3536	68	56	124
Test 3537	63	94	157
Test 3538	39	48	87
Test 3539	8	54	62
Test 3540	1	31	32
Test 3541	98	44	142
Test 3542	47	4	51
Test 3543	99	76	175
Test 3544	92	20	112
Test 3545	9	13	22
Test 3546	43	30	73
Test 3547	8	74	82
Test 3548	36	88	124
Test 3549	9	43	52
Test 3550	73	58	131
Test 3551	66	13	79
Test 3552	98	75	173
Test 3553	65	25	90
Test 3554	87	37	124
Test 3555	58	74	132
Test 3556	77	40	117
Test 3557	77	82	159
Test 3558	32	1	33
Test 3559	36	65	101
Test 3560	61	0	61
Test 3561	58	27	85
Test 3562	4	21	25
Test 3563	42	33	75
Test 3564	77	3	80
Test 3565	10	68	78
Test 3566	15	87	102
Test 3567	52	71	123
Test 3568	0	62	62
Test 3569	91	7	98
Test 3570	3	37	40
Test 3571	78	26	104
Test 3572	4	4	8
Test 3573	49	21	70
Test 3574	55	37	92
Test 3575	68	34	102
Test 3576	28	58	86
Test 3577	58	13	71
Test 3578	29	14	43
Test 3579	59	39	98
Test 3580	89	28	117
Test 3581	75	43	118
Test 3582	15	1	16
Test 3583	27	40	67
Test 3584	89	91	180
Test 3585	54	3	57
Test 3586	55	37	92
Test 3587	57	75	132
Test 3588	51	93	144
Test 3589	37	51	88
Test 3590	94	7	101
Test 3591	54	67	121
Test 3592	60	92	152
Test 3593	42	65	107
Test 3594	70	49	119
Test 3595	43	52	95
Test 3596	34	65	99
Test 3597	8	69	77
Test 3598	14	37	51
Test 3599	4	25	29
Test 3600	82	47	129
Test 3601	70	78	148
Test 3602	9	49	58
Test 3603	7	64	71
Test 3604	6	84	90
Test 3605	36	73	109
Test 3606	69	7	76
Test 3607	71	72	143
Test 3608	71	97	168
Test 3609	50	48	98
Test 3610	56	51	107
Test 3611	66	59	125
Test 3612	97	94	191
Test 3613	74	19	93
Test 3614	54	40	94
Test 3615	50	10	60
Test 3616	13	16	29
Test 3617	59	41	100
Test 3618	89	20	109
Test 3619	84	46	130
Test 3620	80	78	158
Test 3621	79	6	85
Test 3622	84	48	132
Test 3623	12	48	60
Test 3624	30	97	127
Test 3625	6	98	104
Test 3626	81	17	98
Test 3627	63	32	95
Test 3628	17	46	63
Test 3629	29	63	92
Test 3630	89	77	166
Test 3631	20	89	109
Test 3632	1	86	87
Test 3633	76	14	90
Test 3634	55	7	62
Test 3635	68	69	137
Test 3636	29	40	69
Test 3637	99	42	141
Test 3638	54	70	124
Test 3639	13	89	102
Test 3640	46	42	88
Test 3641	57	88	145
Test 3642	51	8	59
Test 3643	87	44	131
Test 3644	56	29	85
Test 3645	75	72	147
Test 3646	3	58	61
Test 3647	30	70	100
Test 3648	20	32	52
Test 3649	8	6	14
Test 3650	75	94	169
Test 3651	57	49	106
Test 3652	29	32	61
Test 3653	29	4	33
Test 3654	85	88	173
Test 3655	45	8	53
Test 3656	80	80	160
Test 3657	7	3	10
Test 3658	27	87	114
Test 3659	96	16	112
Test 3660	52	75	127
Test 3661	63	41	104
Test 3662	97	29	126
Test 3663	37	20	57
Test 3664	11	15	26
Test 3665	11	7	18
Test 3666	16	76	92
Test 3667	15	93	108
Test 3668	75	79	154
Test 3669	90	51	141
Test 3670	38	40	78
Test 3671	28	14	42
Test 3672	29	1	30
Test 3673	4	80	84
Test 3674	34	71	105
Test 3675	23	23	46
Test 3676	12	37	49
Test 3677	30	90	120
Test 3678	1	74	75
Test 3679	49	90	139
Test 3680	97	55	152
Test 3681	13	84	97
Test 3682	23	78	101
Test 3683	25	11	36
Test 3684	27	16	43
Test 3685	22	89	111
Test 3686	37	61	98
Test 3687	17	93	110
Test 3688	28	57	85
Test 3689	29	63	92
Test 3690	70	32	102
Test 3691	84	28	112
Test 3692	89	4	93
Test 3693	87	92	179
Test 3694	45	87	132
Test 3695	46	65	111
Test 3696	47	30	77
Test 3697	50	6	56
Test 3698	19	54	73
Test 3699	7	73	80
Test 3700	78	76	154
Test 3701	97	27	124
Test 3702	74	64	138
Test 3703	10	47	57
Test 3704	41	41	82
Test 3705	42	20	62
Test 3706	67	98	165
Test 3707	63	80	143
Test 3708	94	67	161
Test 3709	24	72	96
Test 3710	51	65	116
Test 3711	39	9	48
Test 3712	36	41	77
Test 3713	79	60	139
Test 3714	97	9	106
Test 3715	44	65	109
Test 3716	81	55	136
Test 3717	81	33	114
Test 3718	53	53	106
Test 3719	21	42	63
Test 3720	56	60	116
Test 3721	21	65	86
Test 3722	64	13	77
Test 3723	35	31	66
Test 3724	0	3	3
Test 3725	83	39	122
Test 3726	98	54	152
Test 3727	24	22	46
Test 3728	59	7	66
Test 3729	15	7	22
Test 3730	32	2	34
Test 3731	56	83	139
Test 3732	83	19	102
Test 3733	78	47	125
Test 3734	26	25	51
Test 3735	80	12	92
Test 3736	70	57	127
Test 3737	60	57	117
Test 3738	29	96	125
Test 3739	68	24	92
Test 3740	73	15	88
Test 3741	41	83	124
Test 3742	90	28	118
Test 3743	83	0	83
Test 3744	37	22	59
Test 3745	47	22	69
Test 3746	76	79	155
Test 3747	94	25	119
Test 3748	22	93	115
Test 3749	17	86	103
Test 3750	73	21	94
Test 3751	99	64	163
Test 3752	89	26	115
Test 3753	68	2	70
Test 3754	90	59	149
Test 3755	62	99	161
Test 3756	0	79	79
Test 3757	63	8	71
Test 3758	9	16	25
Test 3759	84	11	95
Test 3760	76	46	122
Test 3761	77	74	151
Test 3762	87	84	171
Test 3763	88	23	111
Test 3764	43	82	125
Test 3765	29	6	35
Test 3766	75	62	137
Test 3767	64	48	112
Test 3768	7	81	88
Test 3769	15	16	31
Test 3770	19	23	42
Test 3771	67	71	138
Test 3772	44	57	101
Test 3773	64	30	94
Test 3774	73	61	134
Test 3775	22	61	83
Test 3776	27	60	87
Test 3777	48	95	143
Test 3778	31	94	125
Test 3779	3	76	79
Test 3780	62	84	146
Test 3781	59	64	123
Test 3782	29	27	56
Test 3783	92	29	121
Test 3784	3	13	16
Test 3785	86	13	99
Test 3786	19	90	109
Test 3787	41	20	61
Test 3788	94	14	108
Test 3789	37	12	49
Test 3790	69	33	102
Test 3791	59	87	146
Test 3792	90	45	135
Test 3793	78	82	160
Test 3794	21	42	63
Test 3795	50	20	70
Test 3796	53	26	79
Test 3797	74	21	95
Test 3798	56	23	79
Test 3799	11	16	27
Test 3800	18	5	23
Test 3801	85	43	128
Test 3802	76	19	95
Test 3803	82	61	143
Test 3804	39	99	138
Test 3805	98	64	162
Test 3806	97	67	164
Test 3807	4	33	37
Test 3808	17	34	51
Test 3809	96	93	189
Test 3810	33	57	90
Test 3811	11	97	108
Test 3812	88	1	89
Test 3813	4	59	63
Test 3814	50	98	148
Test 3815	14	98	112
Test 3816	53	35	88
Test 3817	39	50	89
Test 3818	0	55	55
Test 3819	5	21	26
Test 3820	44	35	79
Test 3821	91	73	164
Test 3822	89	60	149
Test 3823	2	62	64
Test 3824	69	90	159
Test 3825	83	80	163
Test 3826	50	93	143
Test 3827	19	64	83
Test 3828	95	21	116
Test 3829	80	41	121
Test 3830	19	41	60
Test 3831	25	35	60
Test 3832	38	32	70
Test 3833	54	87	141
Test 3834	37	59	96
Test 3835	86	95	181
Test 3836	51	64	115
Test 3837	12	10	22
Test 3838	37	88	125
Test 3839	48	40	88
Test 3840	67	45	112
Test 3841	1	3	4
Test 3842	89	78	167
Test 3843	46	3	49
Test 3844	74	72	146
Test 3845	0	71	71
Test 3846	77	22	99
Test 3847	48	64	112
Test 3848	29	29	58
Test 3849	79	55	134
Test 3850	74	97	171
Test 3851	57	16	73
Test 3852	70	9	79
Test 3853	96	56	152
Test 3854	0	89	89
Test 3855	20	62	82
Test 3856	93	78	171
Test 3857	51	91	142
Test 3858	58	50	108
Test 3859	53	65	118
Test 3860	21	93	114
Test 3861	99	4	103
Test 3862	13	31	44
Test 3863	25	44	69
Test 3864	82	57	139
Test 3865	14	91	105
Test 3866	7	27	34
Test 3867	71	98	169
Test 3868	4	90	94
Test 3869	14	15	29
Test 3870	15	59	74
Test 3871	36	53	89
Test 3872	91	50	141
Test 3873	1	87	88
Test 3874	92	11	103
Test 3875	40	18	58
Test 3876	23	42	65
Test 3877	43	64	107
Test 3878	17	51	68
Test 3879	71	30	101
Test 3880	37	45	82
Test 3881	22	80	102
Test 3882	10	45	55
Test 3883	7	89	96
Test 3884	66	54	120
Test 3885	45	38	83
Test 3886	86	19	105
Test 3887	24	5	29
Test 3888	16	67	83
Test 3889	42	27	69
Test 3890	20	71	91
Test 3891	62	33	95
Test 3892	52	1	53
Test 3893	30	1	31
Test 3894	93	20	113
Test 3895	31	84	115
Test 3896	95	62	157
Test 3897	99	23	122
Test 3898	61	27	88
Test 3899	56	8	64
Test 3900	26	61	87
Test 3901	49	32	81
Test 3902	87	91	178
Test 3903	29	90	119
Test 3904	79	19	98
Test 3905	28	15	43
Test 3906	8	10	18
Test 3907	51	65	116
Test 3908	31	59	90
Test 3909	9	57	66
Test 3910	12	44	56
Test 3911	2	4	6
Test 3912	2	57	59
Test 3913	35	21	56
Test 3914	70	31	101
Test 3915	38	88	126
Test 3916	49	85	134
Test 3917	14	93	107
Test 3918	33	49	82
Test 3919	14	8	22
Test 3920	50	36	86
Test 3921	33	30	63
Test 3922	43	27	70
Test 3923	97	84	181
Test 3924	4	35	39
Test 3925	12	76	88
Test 3926	61	90	151
Test 3927	78	9	87
Test 3928	17	49	66
Test 3929	40	21	61
Test 3930	69	2	71
Test 3931	9	91	100
Test 3932	64	66	130
Test 3933	15	15	30
Test 3934	66	76	142
Test 3935	12	22	34
Test 3936	45	19	64
Test 3937	95	21	116
Test 3938	80	14	94
Test 3939	32	90	122
Test 3940	74	83	157
Test 3941	4	24	28
Test 3942	34	29	63
Test 3943	72	23	95
Test 3944	0	7	7
Test 3945	58	78	136
Test 3946	97	27	124
Test 3947	93	53	146
Test 3948	28	82	110
Test 3949	38	15	53
Test 3950	11	97	108
Test 3951	75	11	86
Test 3952	79	91	170
Test 3953	75	44	119
Test 3954	38	4	42
Test 3955	78	79	157
Test 3956	44	34	78
Test 3957	39	45	84
Test 3958	18	61	79
Test 3959	47	26	73
Test 3960	73	88	161
Test 3961	45	72	117
Test 3962	50	96	146
Test 3963	2	77	79
Test 3964	14	74	88
Test 3965	15	52	67
Test 3966	55	20	75
Test 3967	58	21	79
Test 3968	3	22	25
Test 3969	7	81	88
Test 3970	60	58	118
Test 3971	2	3	5
Test 3972	27	23	50
Test 3973	44	34	78
Test 3974	14	90	104
Test 3975	27	0	27
Test 3976	11	63	74
Test 3977	43	46	89
Test 3978	27	14	41
Test 3979	89	68	157
Test 3980	99	82	181
Test 3981	29	50	79
Test 3982	77	46	123
Test 3983	14	35	49
Test 3984	96	79	175
Test 3985	63	4	67
Test 3986	14	21	35
Test 3987	31	72	103
Test 3988	63	45	108
Test 3989	0	43	43
Test 3990	58	85	143
Test 3991	27	47	74
Test 3992	95	95	190
Test 3993	6	4	10
Test 3994	41	24	65
Test 3995	82	22	104
Test 3996	79	42	121
Test 3997	27	15	42
Test 3998	19	98	117
Test 3999	21	27	48
Test 4000	62	39	101
Test 4001	99	21	120
Test 4002	68	9	77
Test 4003	65	51	116
Test 4004	98	2	100
Test 4005	57	6	63
Test 4006	83	80	163
Test 4007	49	97	146
Test 4008	3	13	16
Test 4009	30	21	51
Test 4010	25	72	97
Test 4011	56	38	94
Test 4012	71	92	163
Test 4013	4	64	68
Test 4014	2	9	11
Test 4015	12	57	69
Test 4016	62	35	97
Test 4017	36	59	95
Test 4018	96	78	174
Test 4019	64	99	163
Test 4020	79	84	163
Test 4021	43	96	139
Test 4022	69	73	142
Test 4023	4	83	87
Test 4024	62	32	94
Test 4025	31	18	49
Test 4026	3	83	86
Test 4027	79	2	81
Test 4028	56	41	97
Test 4029	97	38	135
Test 4030	75	36	111
Test 4031	51	35	86
Test 4032	56	72	128
Test 4033	99	45	144
Test 4034	69	20	89
Test 4035	31	10	41
Test 4036	0	35	35
Test 4037	10	96	106
Test 4038	46	58	104
Test 4039	3	21	24
Test 4040	34	76	110
Test 4041	32	44	76
Test 4042	54	93	147
Test 4043	2	86	88
Test 4044	5	39	44
Test 4045	47	34	81
Test 4046	25	26	51
Test 4047	2	21	23
Test 4048	92	55	147
Test 4049	5	10	15
Test 4050	69	31	100
Test 4051	60	84	144
Test 4052	68	47	115
Test 4053	69	15	84
Test 4054	74	48	122
Test 4055	67	46	113
Test 4056	68	38	106
Test 4057	96	32	128
Test 4058	44	75	119
Test 4059	25	20	45
Test 4060	40	17	57
Test 4061	68	19	87
Test 4062	6	16	22
Test 4063	42	14	56
Test 4064	88	5	93
Test 4065	12	95	107
Test 4066	87	19	106
Test 4067	84	6	90
Test 4068	31	48	79
Test 4069	64	3	67
Test 4070	83	50	133
Test 4071	10	52	62
Test 4072	82	46	128
Test 4073	62	56	118
Test 4074	55	27	82
Test 4075	0	80	80
Test 4076	88	30	118
Test 4077	93	63	156
Test 4078	35	81	116
Test 4079	75	59	134
Test 4080	70	87	157
Test 4081	0	82	82
Test 4082	49	82	131
Test 4083	95	65	160
Test 4084	10	22	32
Test 4085	42	20	62
Test 4086	89	16	105
Test 4087	44	91	135
Test 4088	16	74	90
Test 4089	32	59	91
Test 4090	71	60	131
Test 4091	12	48	60
Test 4092	61	63	124
Test 4093	20	49	69
Test 4094	5	10	15
Test 4095	89	49	138
Test 4096	5	8	13
Test 4097	35	26	61
Test 4098	28	18	46
Test 4099	58	60	118
Test 4100	98	9	107
Test 4101	50	3	53
Test 4102	66	42	108
Test 4103	49	83	132
Test 4104	4	49	53
Test 4105	67	90	157
Test 4106	68	42	110
Test 4107	2	88	90
Test 4108	30	47	77
Test 4109	35	16	51
Test 4110	69	46	115
Test 4111	8	50	58
Test 4112	83	52	135
Test 4113	46	14	60
Test 4114	76	10	86
Test 4115	88	61	149
Test 4116	69	47	116
Test 4117	34	85	119
Test 4118	5	66	71
Test 4119	69	73	142
Test 4120	33	6	39
Test 4121	25	4	29
Test 4122	64	40	104
Test 4123	63	92	155
Test 4124	37	32	69
Test 4125	43	62	105
Test 4126	38	35	73
Test 4127	90	8	98
Test 4128	99	69	168
Test 4129	95	17	112
Test 4130	44	45	89
Test 4131	44	56	100
Test 4132	49	92	141
Test 4133	71	10	81
Test 4134	11	87	98
Test 4135	75	2	77
Test 4136	11	39	50
Test 4137	5	78	83
Test 4138	64	20	84
Test 4139	79	48	127
Test 4140	83	68	151
Test 4141	62	90	152
Test 4142	46	52	98
Test 4143	21	96	117
Test 4144	83	96	179
Test 4145	61	79	140
Test 4146	32	10	42
Test 4147	66	47	113
Test 4148	96	77	173
Test 4149	89	7	96
Test 4150	3	99	102
Test 4151	57	32	89
Test 4152	17	2	19
Test 4153	49	87	136
Test 4154	76	54	130
Test 4155	37	75	112
Test 4156	64	58	122
Test 4157	36	15	51
Test 4158	37	33	70
Test 4159	55	32	87
Test 4160	28	52	80
Test 4161	10	96	106
Test 4162	12	8	20
Test 4163	29	37	66
Test 4164	43	59	102
Test 4165	33	56	89
Test 4166	47	45	92
Test 4167	72	80	152
Test 4168	75	6	81
Test 4169	34	92	126
Test 4170	12	69	81
Test 4171	84	73	157
Test 4172	86	3	89
Test 4173	12	2	14
Test 4174	15	80	95
Test 4175	52	31	83
Test 4176	71	50	121
Test 4177	83	27	110
Test 4178	89	69	158
Test 4179	60	63	123
Test 4180	54	88	142
Test 4181	12	6	18
Test 4182	86	76	162
Test 4183	25	4	29
Test 4184	99	62	161
Test 4185	26	97	123
Test 4186	61	13	74
Test 4187	53	54	107
Test 4188	19	19	38
Test 4189	27	86	113
Test 4190	16	78	94
Test 4191	54	49	103
Test 4192	67	83	150
Test 4193	73	0	73
Test 4194	39	74	113
Test 4195	47	23	70
Test 4196	37	77	114
Test 4197	95	2	97
Test 4198	15	44	59
Test 4199	20	1	21
Test 4200	63	22	85
Test 4201	32	6	38
Test 4202	61	65	126
Test 4203	39	75	114
Test 4204	38	64	102
Test 4205	63	3	66
Test 4206	41	82	123
Test 4207	66	44	110
Test 4208	14	34	48
Test 4209	16	51	67
Test 4210	75	64	139
Test 4211	27	46	73
Test 4212	73	94	167
Test 4213	85	45	130
Test 4214	39	91	130
Test 4215	22	57	79
Test 4216	42	68	110
Test 4217	1	61	62
Test 4218	23	51	74
Test 4219	42	59	101
Test 4220	97	13	110
Test 4221	19	9	28
Test 4222	13	11	24
Test 4223	78	24	102
Test 4224	80	56	136
Test 4225	70	54	124
Test 4226	97	81	178
Test 4227	64	58	122
Test 4228	1	49	50
Test 4229	47	72	119
Test 4230	88	72	160
Test 4231	1	7	8
Test 4232	86	98	184
Test 4233	36	78	114
Test 4234	63	17	80
Test 4235	54	17	71
Test 4236	94	58	152
Test 4237	38	18	56
Test 4238	1	22	23
Test 4239	83	35	118
Test 4240	74	73	147
Test 4241	11	84	95
Test 4242	69	80	149
Test 4243	96	89	185
Test 4244	22	3	25
Test 4245	8	73	81
Test 4246	13	76	89
Test 4247	89	50	139
Test 4248	53	60	113
Test 4249	50	49	99
Test 4250	90	1	91
Test 4251	24	54	78
Test 4252	67	60	127
Test 4253	62	18	80
Test 4254	54	89	143
Test 4255	38	15	53
Test 4256	21	63	84
Test 4257	14	77	91
Test 4258	77	75	152
Test 4259	85	78	163
Test 4260	56	76	132
Test 4261	15	12	27
Test 4262	25	83	108
Test 4263	14	71	85
Test 4264	83	79	162
Test 4265	21	65	86
Test 4266	0	59	59
Test 4267	59	87	146
Test 4268	83	6	89
Test 4269	38	13	51
Test 4270	16	50	66
Test 4271	29	96	125
Test 4272	78	44	122
Test 4273	59	14	73
Test 4274	19	60	79
Test 4275	32	20	52
Test 4276	16	83	99
Test 4277	65	1	66
Test 4278	36	19	55
Test 4279	49	19	68
Test 4280	30	39	69
Test 4281	12	92	104
Test 4282	18	0	18
Test 4283	7	28	35
Test 4284	55	37	92
Test 4285	50	32	82
Test 4286	45	74	119
Test 4287	73	72	145
Test 4288	58	57	115
Test 4289	8	11	19
Test 4290	73	65	138
Test 4291	88	7	95
Test 4292	42	47	89
Test 4293	88	71	159
Test 4294	34	41	75
Test 4295	32	94	126
Test 4296	27	55	82
Test 4297	80	63	143
Test 4298	55	66	121
Test 4299	73	0	73
Test 4300	55	79	134
Test 4301	6	82	88
Test 4302	8	90	98
Test 4303	21	14	35
Test 4304	97	46	143
Test 4305	19	27	46
Test 4306	91	77	168
Test 4307	38	13	51
Test 4308	42	66	108
Test 4309	11	95	106
Test 4310	51	22	73
Test 4311	13	87	100
Test 4312	25	95	120
Test 4313	44	37	81
Test 4314	13	20	33
Test 4315	17	6	23
Test 4316	54	31	85
Test 4317	44	52	96
Test 4318	89	34	123
Test 4319	1	51	52
Test 4320	20	32	52
Test 4321	29	78	107
Test 4322	86	10	96
Test 4323	81	74	155
Test 4324	4	44	48
Test 4325	67	11	78
Test 4326	77	77	154
Test 4327	65	29	94
Test 4328	50	1	51
Test 4329	53	63	116
Test 4330	97	92	189
Test 4331	89	27	116
Test 4332	54	71	125
Test 4333	5	65	70
Test 4334	70	62	132
Test 4335	66	98	164
Test 4336	61	95	156
Test 4337	69	76	145
Test 4338	32	29	61
Test 4339	72	15	87
Test 4340	8	70	78
Test 4341	91	98	189
Test 4342	67	71	138
Test 4343	18	98	116
Test 4344	42	55	97
Test 4345	5	16	21
Test 4346	84	17	101
Test 4347	45	87	132
Test 4348	56	17	73
Test 4349	14	90	104
Test 4350	25	77	102
Test 4351	79	54	133
Test 4352	72	33	105
Test 4353	48	62	110
Test 4354	59	28	87
Test 4355	80	61	141
Test 4356	9	81	90
Test 4357	51	44	95
Test 4358	88	81	169
Test 4359	66	28	94
Test 4360	6	41	47
Test 4361	67	39	106
Test 4362	93	38	131
Test 4363	92	38	130
Test 4364	12	92	104
Test 4365	32	86	118
Test 4366	80	26	106
Test 4367	96	36	132
Test 4368	94	44	138
Test 4369	76	75	151
Test 4370	69	63	132
Test 4371	91	7	98
Test 4372	24	48	72
Test 4373	79	76	155
Test 4374	55	37	92
Test 4375	90	81	171
Test 4376	51	61	112
Test 4377	54	51	105
Test 4378	16	9	25
Test 4379	26	11	37
Test 4380	12	64	76
Test 4381	16	23	39
Test 4382	98	6	104
Test 4383	99	98	197
Test 4384	13	83	96
Test 4385	57	10	67
Test 4386	33	32	65
Test 4387	26	69	95
Test 4388	84	66	150
Test 4389	31	84	115
Test 4390	22	13	35
Test 4391	53	17	70
Test 4392	42	38	80
Test 4393	1	65	66
Test 4394	47	44	91
Test 4395	93	87	180
Test 4396	67	79	146
Test 4397	49	19	68
Test 4398	21	49	70
Test 4399	18	73	91
Test 4400	77	32	109
Test 4401	3	14	17
Test 4402	24	20	44
Test 4403	21	87	108
Test 4404	1	59	60
Test 4405	43	92	135
Test 4406	50	2	52
Test 4407	23	31	54
Test 4408	32	74	106
Test 4409	92	73	165
Test 4410	73	83	156
Test 4411	41	43	84
Test 4412	13	66	79
Test 4413	84	67	151
Test 4414	44	3	47
Test 4415	3	6	9
Test 4416	2	51	53
Test 4417	40	67	107
Test 4418	24	85	109
Test 4419	8	17	25
Test 4420	83	86	169
Test 4421	24	38	62
Test 4422	28	39	67
Test 4423	53	88	141
Test 4424	13	5	18
Test 4425	86	44	130
Test 4426	64	1	65
Test 4427	97	7	104
Test 4428	15	45	60
Test 4429	46	75	121
Test 4430	40	1	41
Test 4431	94	12	106
Test 4432	34	49	83
Test 4433	26	6	32
Test 4434	63	9	72
Test 4435	57	73	130
Test 4436	80	70	150
Test 4437	36	97	133
Test 4438	86	9	95
Test 4439	96	21	117
Test 4440	44	98	142
Test 4441	7	77	84
Test 4442	23	22	45
Test 4443	40	91	131
Test 4444	0	95	95
Test 4445	56	85	141
Test 4446	14	30	44
Test 4447	26	21	47
Test 4448	5	25	30
Test 4449	56	31	87
Test 4450	38	89	127
Test 4451	26	57	83
Test 4452	73	18	91
Test 4453	21	8	29
Test 4454	45	97	142
Test 4455	80	29	109
Test 4456	3	50	53
Test 4457	18	76	94
Test 4458	37	93	130
Test 4459	89	37	126
Test 4460	77	41	118
Test 4461	18	22	40
Test 4462	23	73	96
Test 4463	46	49	95
Test 4464	42	34	76
Test 4465	88	53	141
Test 4466	62	2	64
Test 4467	74	37	111
Test 4468	85	76	161
Test 4469	9	54	63
Test 4470	63	35	98
Test 4471	7	38	45
Test 4472	13	33	46
Test 4473	64	88	152
Test 4474	87	55	142
Test 4475	96	39	135
Test 4476	96	82	178
Test 4477	16	9	25
Test 4478	8	66	74
Test 4479	60	53	113
Test 4480	70	25	95
Test 4481	51	31	82
Test 4482	95	95	190
Test 4483	72	21	93
Test 4484	51	64	115
Test 4485	71	32	103
Test 4486	24	81	105
Test 4487	28	66	94
Test 4488	87	35	122
Test 4489	4	44	48
Test 4490	60	67	127
Test 4491	49	75	124
Test 4492	92	52	144
Test 4493	82	20	102
Test 4494	1	20	21
Test 4495	87	21	108
Test 4496	69	98	167
Test 4497	74	39	113
Test 4498	1	59	60
Test 4499	82	66	148
Test 4500	96	52	148
Test 4501	56	86	142
Test 4502	22	95	117
Test 4503	31	43	74
Test 4504	55	50	105
Test 4505	4	71	75
Test 4506	16	40	56
Test 4507	80	15	95
Test 4508	65	21	86
Test 4509	70	95	165
Test 4510	44	61	105
Test 4511	51	38	89
Test 4512	26	37	63
Test 4513	97	33	130
Test 4514	91	31	122
Test 4515	37	92	129
Test 4516	81	14	95
Test 4517	77	33	110
Test 4518	79	55	134
Test 4519	1	40	41
Test 4520	7	66	73
Test 4521	29	20	49
Test 4522	65	17	82
Test 4523	90	49	139
Test 4524	45	15	60
Test 4525	5	90	95
Test 4526	78	31	109
Test 4527	74	88	162
Test 4528	36	64	100
Test 4529	8	47	55
Test 4530	87	71	158
Test 4531	87	36	123
Test 4532	54	24	78
Test 4533	75	43	118
Test 4534	64	63	127
Test 4535	8	55	63
Test 4536	16	96	112
Test 4537	82	46	128
Test 4538	90	63	153
Test 4539	64	77	141
Test 4540	97	97	194
Test 4541	39	99	138
Test 4542	50	15	65
Test 4543	11	36	47
Test 4544	5	66	71
Test 4545	53	75	128
Test 4546	77	69	146
Test 4547	45	97	142
Test 4548	65	31	96
Test 4549	30	14	44
Test 4550	53	93	146
Test 4551	55	1	56
Test 4552	81	10	91
Test 4553	52	10	62
Test 4554	87	3	90
Test 4555	22	25	47
Test 4556	8	55	63
Test 4557	69	1	70
Test 4558	85	23	108
Test 4559	85	39	124
Test 4560	99	41	140
Test 4561	79	4	83
Test 4562	92	34	126
Test 4563	94	28	122
Test 4564	89	71	160
Test 4565	60	3	63
Test 4566	78	27	105
Test 4567	55	61	116
Test 4568	42	16	58
Test 4569	14	41	55
Test 4570	46	69	115
Test 4571	46	27	73
Test 4572	13	47	60
Test 4573	82	82	164
Test 4574	79	91	170
Test 4575	63	45	108
Test 4576	93	24	117
Test 4577	51	17	68
Test 4578	67	6	73
Test 4579	8	24	32
Test 4580	22	63	85
Test 4581	57	57	114
Test 4582	22	38	60
Test 4583	74	34	108
Test 4584	27	31	58
Test 4585	22	11	33
Test 4586	50	93	143
Test 4587	43	27	70
Test 4588	9	60	69
Test 4589	48	86	134
Test 4590	57	57	114
Test 4591	29	16	45
Test 4592	68	21	89
Test 4593	94	50	144
Test 4594	29	48	77
Test 4595	21	52	73
Test 4596	70	42	112
Test 4597	17	89	106
Test 4598	4	57	61
Test 4599	97	53	150
Test 4600	65	9	74
Test 4601	67	70	137
Test 4602	24	14	38
Test 4603	98	50	148
Test 4604	0	31	31
Test 4605	43	36	79
Test 4606	50	38	88
Test 4607	7	41	48
Test 4608	5	35	40
Test 4609	13	24	37
Test 4610	69	72	141
Test 4611	12	73	85
Test 4612	14	76	90
Test 4613	2	62	64
Test 4614	12	90	102
Test 4615	66	3	69
Test 4616	26	56	82
Test 4617	23	99	122
Test 4618	84	27	111
Test 4619	48	90	138
Test 4620	33	69	102
Test 4621	23	83	106
Test 4622	38	86	124
Test 4623	70	71	141
Test 4624	35	94	129
Test 4625	46	27	73
Test 4626	41	34	75
Test 4627	46	11	57
Test 4628	81	13	94
Test 4629	2	16	18
Test 4630	19	13	32
Test 4631	33	90	123
Test 4632	31	2	33
Test 4633	58	23	81
Test 4634	49	44	93
Test 4635	49	75	124
Test 4636	70	45	115
Test 4637	23	34	57
Test 4638	15	53	68
Test 4639	10	47	57
Test 4640	79	68	147
Test 4641	83	72	155
Test 4642	42	68	110
Test 4643	21	19	40
Test 4644	77	19	96
Test 4645	25	4	29
Test 4646	50	22	72
Test 4647	91	29	120
Test 4648	96	63	159
Test 4649	40	39	79
Test 4650	55	7	62
Test 4651	72	37	109
Test 4652	41	89	130
Test 4653	13	98	111
Test 4654	11	22	33
Test 4655	84	47	131
Test 4656	43	98	141
Test 4657	20	2	22
Test 4658	23	87	110
Test 4659	77	79	156
Test 4660	27	52	79
Test 4661	89	66	155
Test 4662	42	64	106
Test 4663	19	78	97
Test 4664	35	54	89
Test 4665	91	2	93
Test 4666	25	98	123
Test 4667	82	66	148
Test 4668	41	45	86
Test 4669	75	13	88
Test 4670	48	60	108
Test 4671	27	24	51
Test 4672	6	98	104
Test 4673	90	77	167
Test 4674	78	24	102
Test 4675	12	11	23
Test 4676	88	9	97
Test 4677	37	18	55
Test 4678	36	13	49
Test 4679	3	84	87
Test 4680	0	97	97
Test 4681	56	27	83
Test 4682	39	14	53
Test 4683	52	76	128
Test 4684	12	40	52
Test 4685	35	96	131
Test 4686	48	29	77
Test 4687	39	76	115
Test 4688	67	87	154
Test 4689	14	5	19
Test 4690	65	43	108
Test 4691	50	10	60
Test 4692	58	23	81
Test 4693	59	79	138
Test 4694	76	40	116
Test 4695	76	83	159
Test 4696	89	79	168
Test 4697	7	59	66
Test 4698	65	35	100
Test 4699	60	36	96
Test 4700	50	6	56
Test 4701	25	70	95
Test 4702	66	19	85
Test 4703	38	87	125
Test 4704	75	84	159
Test 4705	38	53	91
Test 4706	8	82	90
Test 4707	31	90	121
Test 4708	59	38	97
Test 4709	44	6	50
Test 4710	38	15	53
Test 4711	27	12	39
Test 4712	76	5	81
Test 4713	67	45	112
Test 4714	98	51	149
Test 4715	16	31	47
Test 4716	19	20	39
Test 4717	89	15	104
Test 4718	91	44	135
Test 4719	95	14	109
Test 4720	27	29	56
Test 4721	89	2	91
Test 4722	24	76	100
Test 4723	44	68	112
Test 4724	22	11	33
Test 4725	17	76	93
Test 4726	61	10	71
Test 4727	32	68	100
Test 4728	20	0	20
Test 4729	70	79	149
Test 4730	40	89	129
Test 4731	79	82	161
Test 4732	80	97	177
Test 4733	22	95	117
Test 4734	62	54	116
Test 4735	20	45	65
Test 4736	48	80	128
Test 4737	16	89	105
Test 4738	35	6	41
Test 4739	78	35	113
Test 4740	43	15	58
Test 4741	30	70	100
Test 4742	16	37	53
Test 4743	56	83	139
Test 4744	92	7	99
Test 4745	30	52	82
Test 4746	2	2	4
Test 4747	98	90	188
Test 4748	22	97	119
Test 4749	64	9	73
Test 4750	54	17	71
Test 4751	41	92	133
Test 4752	28	23	51
Test 4753	47	85	132
Test 4754	12	26	38
Test 4755	28	86	114
Test 4756	41	64	105
Test 4757	29	7	36
Test 4758	64	78	142
Test 4759	77	50	127
Test 4760	81	28	109
Test 4761	67	74	141
Test 4762	52	46	98
Test 4763	45	50	95
Test 4764	21	90	111
Test 4765	7	20	27
Test 4766	80	11	91
Test 4767	35	70	105
Test 4768	58	67	125
Test 4769	36	59	95
Test 4770	90	20	110
Test 4771	10	30	40
Test 4772	82	25	107
Test 4773	62	76	138
Test 4774	68	59	127
Test 4775	76	60	136
Test 4776	24	77	101
Test 4777	26	96	122
Test 4778	65	30	95
Test 4779	74	81	155
Test 4780	90	30	120
Test 4781	76	8	84
Test 4782	57	85	142
Test 4783	43	97	140
Test 4784	14	47	61
Test 4785	26	89	115
Test 4786	23	39	62
Test 4787	33	49	82
Test 4788	15	72	87
Test 4789	89	21	110
Test 4790	85	10	95
Test 4791	52	88	140
Test 4792	0	59	59
Test 4793	48	10	58
Test 4794	39	49	88
Test 4795	70	25	95
Test 4796	58	89	147
Test 4797	10	98	108
Test 4798	99	38	137
Test 4799	47	88	135
Test 4800	36	13	49
Test 4801	95	49	144
Test 4802	12	62	74
Test 4803	79	59	138
Test 4804	66	13	79
Test 4805	11	29	40
Test 4806	7	70	77
Test 4807	9	98	107
Test 4808	65	65	130
Test 4809	56	49	105
Test 4810	5	88	93
Test 4811	27	72	99
Test 4812	46	5	51
Test 4813	24	13	37
Test 4814	70	61	131
Test 4815	25	72	97
Test 4816	63	28	91
Test 4817	27	40	67
Test 4818	70	42	112
Test 4819	43	99	142
Test 4820	47	63	110
Test 4821	10	61	71
Test 4822	95	83	178
Test 4823	57	92	149
Test 4824	43	3	46
Test 4825	73	57	130
Test 4826	98	21	119
Test 4827	7	42	49
Test 4828	70	83	153
Test 4829	71	5	76
Test 4830	55	95	150
Test 4831	67	95	162
Test 4832	57	52	109
Test 4833	61	13	74
Test 4834	59	72	131
Test 4835	83	30	113
Test 4836	24	95	119
Test 4837	11	90	101
Test 4838	53	31	84
Test 4839	92	71	163
Test 4840	53	31	84
Test 4841	60	70	130
Test 4842	34	63	97
Test 4843	39	0	39
Test 4844	37	9	46
Test 4845	77	7	84
Test 4846	1	57	58
Test 4847	75	51	126
Test 4848	89	35	124
Test 4849	65	18	83
Test 4850	62	39	101
Test 4851	21	67	88
Test 4852	97	29	126
Test 4853	41	87	128
Test 4854	94	62	156
Test 4855	89	57	146
Test 4856	7	35	42
Test 4857	96	60	156
Test 4858	36	27	63
Test 4859	93	27	120
Test 4860	72	27	99
Test 4861	88	67	155
Test 4862	76	80	156
Test 4863	18	98	116
Test 4864	13	95	108
Test 4865	89	55	144
Test 4866	35	0	35
Test 4867	57	13	70
Test 4868	40	99	139
Test 4869	32	5	37
Test 4870	55	59	114
Test 4871	73	13	86
Test 4872	27	9	36
Test 4873	62	90	152
Test 4874	72	39	111
Test 4875	98	19	117
Test 4876	33	18	51
Test 4877	81	97	178
Test 4878	94	24	118
Test 4879	73	6	79
Test 4880	90	4	94
Test 4881	42	52	94
Test 4882	89	37	126
Test 4883	46	32	78
Test 4884	57	70	127
Test 4885	3	20	23
Test 4886	95	98	193
Test 4887	2	26	28
Test 4888	42	74	116
Test 4889	75	39	114
Test 4890	44	45	89
Test 4891	30	55	85
Test 4892	67	47	114
Test 4893	88	12	100
Test 4894	54	91	145
Test 4895	25	82	107
Test 4896	16	62	78
Test 4897	53	36	89
Test 4898	50	43	93
Test 4899	72	16	88
Test 4900	92	20	112
Test 4901	89	64	153
Test 4902	43	47	90
Test 4903	32	95	127
Test 4904	5	2	7
Test 4905	33	27	60
Test 4906	83	88	171
Test 4907	44	77	121
Test 4908	44	15	59
Test 4909	91	79	170
Test 4910	59	24	83
Test 4911	46	32	78
Test 4912	96	79	175
Test 4913	46	39	85
Test 4914	51	86	137
Test 4915	90	2	92
Test 4916	57	73	130
Test 4917	56	16	72
Test 4918	37	56	93
Test 4919	92	73	165
Test 4920	87	82	169
Test 4921	97	18	115
Test 4922	0	72	72
Test 4923	84	47	131
Test 4924	34	70	104
Test 4925	22	51	73
Test 4926	33	2	35
Test 4927	35	1	36
Test 4928	18	40	58
Test 4929	11	98	109
Test 4930	2	0	2
Test 4931	72	75	147
Test 4932	15	9	24
Test 4933	62	88	150
Test 4934	99	93	192
Test 4935	34	22	56
Test 4936	92	87	179
Test 4937	90	21	111
Test 4938	39	89	128
Test 4939	28	17	45
Test 4940	68	33	101
Test 4941	36	25	61
Test 4942	26	22	48
Test 4943	45	48	93
Test 4944	69	85	154
Test 4945	78	85	163
Test 4946	93	56	149
Test 4947	11	21	32
Test 4948	84	8	92
Test 4949	92	61	153
Test 4950	17	61	78
Test 4951	6	15	21
Test 4952	45	89	134
Test 4953	37	68	105
Test 4954	92	50	142
Test 4955	14	74	88
Test 4956	33	76	109
Test 4957	90	74	164
Test 4958	23	74	97
Test 4959	58	98	156
Test 4960	62	65	127
Test 4961	93	29	122
Test 4962	79	61	140
Test 4963	33	75	108
Test 4964	91	84	175
Test 4965	55	32	87
Test 4966	52	67	119
Test 4967	95	56	151
Test 4968	9	64	73
Test 4969	12	93	105
Test 4970	9	63	72
Test 4971	2	1	3
Test 4972	60	21	81
Test 4973	98	4	102
Test 4974	24	6	30
Test 4975	55	28	83
Test 4976	2	21	23
Test 4977	0	76	76
Test 4978	83	33	116
Test 4979	71	3	74
Test 4980	44	49	93
Test 4981	47	92	139
Test 4982	52	76	128
Test 4983	83	46	129
Test 4984	69	51	120
Test 4985	38	85	123
Test 4986	71	23	94
Test 4987	19	3	22
Test 4988	40	83	123
Test 4989	85	86	171
Test 4990	46	83	129
Test 4991	33	39	72
Test 4992	56	32	88
Test 4993	13	35	48
Test 4994	96	12	108
Test 4995	41	95	136
Test 4996	65	65	130
Test 4997	73	24	97
Test 4998	0	2	2
Test 4999	88	63	151
Test 5000	47	11	58
Test 5001	84	39	123
Test 5002	68	46	114
Test 5003	34	64	98
Test 5004	32	40	72
Test 5005	22	16	38
Test 5006	85	29	114
Test 5007	18	52	70
Test 5008	66	85	151
Test 5009	9	66	75
Test 5010	97	40	137
Test 5011	82	85	167
Test 5012	33	27	60
Test 5013	43	40	83
Test 5014	61	2	63
Test 5015	9	96	105
Test 5016	84	21	105
Test 5017	19	88	107
Test 5018	25	14	39
Test 5019	19	57	76
Test 5020	5	47	52
Test 5021	63	49	112
Test 5022	1	77	78
Test 5023	21	89	110
Test 5024	71	25	96
Test 5025	2	50	52
Test 5026	52	75	127
Test 5027	2	78	80
Test 5028	85	36	121
Test 5029	21	22	43
Test 5030	63	98	161
Test 5031	60	85	145
Test 5032	51	80	131
Test 5033	64	34	98
Test 5034	42	72	114
Test 5035	44	88	132
Test 5036	68	74	142
Test 5037	53	58	111
Test 5038	70	82	152
Test 5039	92	87	179
Test 5040	64	14	78
Test 5041	40	2	42
Test 5042	48	84	132
Test 5043	79	14	93
Test 5044	38	1	39
Test 5045	51	9	60
Test 5046	79	1	80
Test 5047	6	20	26
Test 5048	29	52	81
Test 5049	1	46	47
Test 5050	80	25	105
Test 5051	53	2	55
Test 5052	34	94	128
Test 5053	46	69	115
Test 5054	50	59	109
Test 5055	20	94	114
Test 5056	64	77	141
Test 5057	79	68	147
Test 5058	5	62	67
Test 5059	76	26	102
Test 5060	62	31	93
Test 5061	35	95	130
Test 5062	47	68	115
Test 5063	85	42	127
Test 5064	20	9	29
Test 5065	79	74	153
Test 5066	63	94	157
Test 5067	72	4	76
Test 5068	74	80	154
Test 5069	91	19	110
Test 5070	24	81	105
Test 5071	27	91	118
Test 5072	21	57	78
Test 5073	87	62	149
Test 5074	21	30	51
Test 5075	10	50	60
Test 5076	70	58	128
Test 5077	87	65	152
Test 5078	87	51	138
Test 5079	41	6	47
Test 5080	23	24	47
Test 5081	71	22	93
Test 5082	24	69	93
Test 5083	6	62	68
Test 5084	0	73	73
Test 5085	35	94	129
Test 5086	42	93	135
Test 5087	9	5	14
Test 5088	31	53	84
Test 5089	27	92	119
Test 5090	89	63	152
Test 5091	31	18	49
Test 5092	66	45	111
Test 5093	37	38	75
Test 5094	50	94	144
Test 5095	32	48	80
Test 5096	41	59	100
Test 5097	41	35	76
Test 5098	63	23	86
Test 5099	62	15	77
Test 5100	47	47	94
Test 5101	79	88	167
Test 5102	56	93	149
Test 5103	73	42	115
Test 5104	94	72	166
Test 5105	56	23	79
Test 5106	51	96	147
Test 5107	59	2	61
Test 5108	10	33	43
Test 5109	20	60	80
Test 5110	76	13	89
Test 5111	61	9	70
Test 5112	58	97	155
Test 5113	54	52	106
Test 5114	59	22	81
Test 5115	61	60	121
Test 5116	74	40	114
Test 5117	63	41	104
Test 5118	48	32	80
Test 5119	16	15	31
Test 5120	75	58	133
Test 5121	15	23	38
Test 5122	34	55	89
Test 5123	29	53	82
Test 5124	35	68	103
Test 5125	6	97	103
Test 5126	77	19	96
Test 5127	69	65	134
Test 5128	41	80	121
Test 5129	93	63	156
Test 5130	84	94	178
Test 5131	80	51	131
Test 5132	71	95	166
Test 5133	7	98	105
Test 5134	42	74	116
Test 5135	6	92	98
Test 5136	9	43	52
Test 5137	35	58	93
Test 5138	9	74	83
Test 5139	92	81	173
Test 5140	89	64	153
Test 5141	18	77	95
Test 5142	29	38	67
Test 5143	58	14	72
Test 5144	18	85	103
Test 5145	26	42	68
Test 5146	77	0	77
Test 5147	76	76	152
Test 5148	84	58	142
Test 5149	66	49	115
Test 5150	28	79	107
Test 5151	4	29	33
Test 5152	10	67	77
Test 5153	29	60	89
Test 5154	34	33	67
Test 5155	30	26	56
Test 5156	19	50	69
Test 5157	88	35	123
Test 5158	93	60	153
Test 5159	80	71	151
Test 5160	73	3	76
Test 5161	76	81	157
Test 5162	18	57	75
Test 5163	48	42	90
Test 5164	40	88	128
Test 5165	52	89	141
Test 5166	52	44	96
Test 5167	85	43	128
Test 5168	23	27	50
Test 5169	1	49	50
Test 5170	27	80	107
Test 5171	24	85	109
Test 5172	89	58	147
Test 5173	10	5	15
Test 5174	35	92	127
Test 5175	48	18	66
Test 5176	22	61	83
Test 5177	41	94	135
Test 5178	60	65	125
Test 5179	81	39	120
Test 5180	98	28	126
Test 5181	74	58	132
Test 5182	26	67	93
Test 5183	96	52	148
Test 5184	82	87	169
Test 5185	39	31	70
Test 5186	20	76	96
Test 5187	30	17	47
Test 5188	41	84	125
Test 5189	20	14	34
Test 5190	90	42	132
Test 5191	17	61	78
Test 5192	13	47	60
Test 5193	20	30	50
Test 5194	66	91	157
Test 5195	15	19	34
Test 5196	98	80	178
Test 5197	33	1	34
Test 5198	6	73	79
Test 5199	28	58	86
Test 5200	10	25	35
Test 5201	36	36	72
Test 5202	40	25	65
Test 5203	16	6	22
Test 5204	74	95	169
Test 5205	78	30	108
Test 5206	16	0	16
Test 5207	88	44	132
Test 5208	90	79	169
Test 5209	88	54	142
Test 5210	3	50	53
Test 5211	10	41	51
Test 5212	34	47	81
Test 5213	41	10	51
Test 5214	83	62	145
Test 5215	11	7	18
Test 5216	20	37	57
Test 5217	81	50	131
Test 5218	72	25	97
Test 5219	10	11	21
Test 5220	87	16	103
Test 5221	81	1	82
Test 5222	90	61	151
Test 5223	75	69	144
Test 5224	96	67	163
Test 5225	69	31	100
Test 5226	33	48	81
Test 5227	37	42	79
Test 5228	19	80	99
Test 5229	97	85	182
Test 5230	49	9	58
Test 5231	22	83	105
Test 5232	70	77	147
Test 5233	84	79	163
Test 5234	55	9	64
Test 5235	95	61	156
Test 5236	33	50	83
Test 5237	72	58	130
Test 5238	97	28	125
Test 5239	6	73	79
Test 5240	36	31	67
Test 5241	72	85	157
Test 5242	69	16	85
Test 5243	49	71	120
Test 5244	90	84	174
Test 5245	84	76	160
Test 5246	76	99	175
Test 5247	32	78	110
Test 5248	8	58	66
Test 5249	73	99	172
Test 5250	50	97	147
Test 5251	27	46	73
Test 5252	25	86	111
Test 5253	77	4	81
Test 5254	63	75	138
Test 5255	83	14	97
Test 5256	71	9	80
Test 5257	16	66	82
Test 5258	32	14	46
Test 5259	97	48	145
Test 5260	92	42	134
Test 5261	26	46	72
Test 5262	61	12	73
Test 5263	47	3	50
Test 5264	72	83	155
Test 5265	21	54	75
Test 5266	48	47	95
Test 5267	98	49	147
Test 5268	67	41	108
Test 5269	50	64	114
Test 5270	81	79	160
Test 5271	67	7	74
Test 5272	86	19	105
Test 5273	20	72	92
Test 5274	61	25	86
Test 5275	14	85	99
Test 5276	5	85	90
Test 5277	60	11	71
Test 5278	91	36	127
Test 5279	99	73	172
Test 5280	86	44	130
Test 5281	51	29	80
Test 5282	48	17	65
Test 5283	18	79	97
Test 5284	38	85	123
Test 5285	37	30	67
Test 5286	77	14	91
Test 5287	35	76	111
Test 5288	78	8	86
Test 5289	81	98	179
Test 5290	31	6	37
Test 5291	43	31	74
Test 5292	51	87	138
Test 5293	74	6	80
Test 5294	77	33	110
Test 5295	31	24	55
Test 5296	7	46	53
Test 5297	59	72	131
Test 5298	77	15	92
Test 5299	44	35	79
Test 5300	86	2	88
Test 5301	44	59	103
Test 5302	68	20	88
Test 5303	55	53	108
Test 5304	22	60	82
Test 5305	14	37	51
Test 5306	24	48	72
Test 5307	48	87	135
Test 5308	43	6	49
Test 5309	59	26	85
Test 5310	5	35	40
Test 5311	27	19	46
Test 5312	69	1	70
Test 5313	31	95	126
Test 5314	78	77	155
Test 5315	30	83	113
Test 5316	92	40	132
Test 5317	41	69	110
Test 5318	68	19	87
Test 5319	34	91	125
Test 5320	56	94	150
Test 5321	94	2	96
Test 5322	8	81	89
Test 5323	49	37	86
Test 5324	16	44	60
Test 5325	24	94	118
Test 5326	49	98	147
Test 5327	35	74	109
Test 5328	79	45	124
Test 5329	67	21	88
Test 5330	35	19	54
Test 5331	25	55	80
Test 5332	35	84	119
Test 5333	49	88	137
Test 5334	82	29	111
Test 5335	84	31	115
Test 5336	46	11	57
Test 5337	42	99	141
Test 5338	69	91	160
Test 5339	53	48	101
Test 5340	97	63	160
Test 5341	28	98	126
Test 5342	11	71	82
Test 5343	44	78	122
Test 5344	5	29	34
Test 5345	97	10	107
Test 5346	76	23	99
Test 5347	83	65	148
Test 5348	26	29	55
Test 5349	78	2	80
Test 5350	41	3	44
Test 5351	64	74	138
Test 5352	70	38	108
Test 5353	22	28	50
Test 5354	47	82	129
Test 5355	7	94	101
Test 5356	63	14	77
Test 5357	73	63	136
Test 5358	19	35	54
Test 5359	49	32	81
Test 5360	19	30	49
Test 5361	20	32	52
Test 5362	10	97	107
Test 5363	32	50	82
Test 5364	50	75	125
Test 5365	41	53	94
Test 5366	35	76	111
Test 5367	36	13	49
Test 5368	78	21	99
Test 5369	84	38	122
Test 5370	27	50	77
Test 5371	39	43	82
Test 5372	29	18	47
Test 5373	15	91	106
Test 5374	52	58	110
Test 5375	63	85	148
Test 5376	39	33	72
Test 5377	13	23	36
Test 5378	36	64	100
Test 5379	48	14	62
Test 5380	67	15	82
Test 5381	20	38	58
Test 5382	87	39	126
Test 5383	94	68	162
Test 5384	72	12	84
Test 5385	10	91	101
Test 5386	42	1	43
Test 5387	37	64	101
Test 5388	26	66	92
Test 5389	39	29	68
Test 5390	24	13	37
Test 5391	28	84	112
Test 5392	15	41	56
Test 5393	78	77	155
Test 5394	87	35	122
Test 5395	94	19	113
Test 5396	31	52	83
Test 5397	13	56	69
Test 5398	13	17	30
Test 5399	18	81	99
Test 5400	68	8	76
Test 5401	15	2	17
Test 5402	20	85	105
Test 5403	99	11	110
Test 5404	20	76	96
Test 5405	45	12	57
Test 5406	91	13	104
Test 5407	68	19	87
Test 5408	19	51	70
Test 5409	58	30	88
Test 5410	61	4	65
Test 5411	56	64	120
Test 5412	65	6	71
Test 5413	25	65	90
Test 5414	36	74	110
Test 5415	92	16	108
Test 5416	74	81	155
Test 5417	46	78	124
Test 5418	44	70	114
Test 5419	29	15	44
Test 5420	8	54	62
Test 5421	0	34	34
Test 5422	26	13	39
Test 5423	43	98	141
Test 5424	79	55	134
Test 5425	83	82	165
Test 5426	63	22	85
Test 5427	51	9	60
Test 5428	48	52	100
Test 5429	45	73	118
Test 5430	82	22	104
Test 5431	50	14	64
Test 5432	44	60	104
Test 5433	36	29	65
Test 5434	64	29	93
Test 5435	10	50	60
Test 5436	60	22	82
Test 5437	10	87	97
Test 5438	4	29	33
Test 5439	38	94	132
Test 5440	16	15	31
Test 5441	93	1	94
Test 5442	51	3	54
Test 5443	31	96	127
Test 5444	64	43	107
Test 5445	65	43	108
Test 5446	26	64	90
Test 5447	84	59	143
Test 5448	58	12	70
Test 5449	59	88	147
Test 5450	16	77	93
Test 5451	8	23	31
Test 5452	38	55	93
Test 5453	47	37	84
Test 5454	65	19	84
Test 5455	62	34	96
Test 5456	29	55	84
Test 5457	85	73	158
Test 5458	92	11	103
Test 5459	52	13	65
Test 5460	64	71	135
Test 5461	90	46	136
Test 5462	25	27	52
Test 5463	78	96	174
Test 5464	75	62	137
Test 5465	33	94	127
Test 5466	94	12	106
Test 5467	64	24	88
Test 5468	56	73	129
Test 5469	98	64	162
Test 5470	88	87	175
Test 5471	81	70	151
Test 5472	76	33	109
Test 5473	42	34	76
Test 5474	8	64	72
Test 5475	47	53	100
Test 5476	86	10	96
Test 5477	81	6	87
Test 5478	1	41	42
Test 5479	16	59	75
Test 5480	6	20	26
Test 5481	35	92	127
Test 5482	28	8	36
Test 5483	17	2	19
Test 5484	31	44	75
Test 5485	73	32	105
Test 5486	36	43	79
Test 5487	53	69	122
Test 5488	5	28	33
Test 5489	87	43	130
Test 5490	54	28	82
Test 5491	67	10	77
Test 5492	90	91	181
Test 5493	94	9	103
Test 5494	3	4	7
Test 5495	3	54	57
Test 5496	67	47	114
Test 5497	54	87	141
Test 5498	15	15	30
Test 5499	11	5	16
Test 5500	59	55	114
Test 5501	33	39	72
Test 5502	13	88	101
Test 5503	7	2	9
Test 5504	90	0	90
Test 5505	10	40	50
Test 5506	66	36	102
Test 5507	11	85	96
Test 5508	50	70	120
Test 5509	57	0	57
Test 5510	32	94	126
Test 5511	62	46	108
Test 5512	52	27	79
Test 5513	61	21	82
Test 5514	64	10	74
Test 5515	36	47	83
Test 5516	91	79	170
Test 5517	78	83	161
Test 5518	95	61	156
Test 5519	15	50	65
Test 5520	2	80	82
Test 5521	28	45	73
Test 5522	51	83	134
Test 5523	39	16	55
Test 5524	62	21	83
Test 5525	33	34	67
Test 5526	38	64	102
Test 5527	48	13	61
Test 5528	79	76	155
Test 5529	18	9	27
Test 5530	78	51	129
Test 5531	46	35	81
Test 5532	31	12	43
Test 5533	52	12	64
Test 5534	78	3	81
Test 5535	18	2	20
Test 5536	96	24	120
Test 5537	18	44	62
Test 5538	47	55	102
Test 5539	70	21	91
Test 5540	8	25	33
Test 5541	27	36	63
Test 5542	70	88	158
Test 5543	40	91	131
Test 5544	64	55	119
Test 5545	95	80	175
Test 5546	63	85	148
Test 5547	20	18	38
Test 5548	31	20	51
Test 5549	8	93	101
Test 5550	87	87	174
Test 5551	33	76	109
Test 5552	32	90	122
Test 5553	76	11	87
Test 5554	23	27	50
Test 5555	54	71	125
Test 5556	40	80	120
Test 5557	78	98	176
Test 5558	22	85	107
Test 5559	41	90	131
Test 5560	66	33	99
Test 5561	42	98	140
Test 5562	77	63	140
Test 5563	99	13	112
Test 5564	20	36	56
Test 5565	96	60	156
Test 5566	10	62	72
Test 5567	23	31	54
Test 5568	4	91	95
Test 5569	62	21	83
Test 5570	47	2	49
Test 5571	43	63	106
Test 5572	13	6	19
Test 5573	98	82	180
Test 5574	10	99	109
Test 5575	64	5	69
Test 5576	53	37	90
Test 5577	55	78	133
Test 5578	85	2	87
Test 5579	59	36	95
Test 5580	16	76	92
Test 5581	8	89	97
Test 5582	97	66	163
Test 5583	51	2	53
Test 5584	12	71	83
Test 5585	55	96	151
Test 5586	96	16	112
Test 5587	29	41	70
Test 5588	39	86	125
Test 5589	89	81	170
Test 5590	55	56	111
Test 5591	25	94	119
Test 5592	47	59	106
Test 5593	2	79	81
Test 5594	79	57	136
Test 5595	69	14	83
Test 5596	76	15	91
Test 5597	38	43	81
Test 5598	75	55	130
Test 5599	84	19	103
Test 5600	40	45	85
Test 5601	5	45	50
Test 5602	39	84	123
Test 5603	80	2	82
Test 5604	3	80	83
Test 5605	9	65	74
Test 5606	95	75	170
Test 5607	17	58	75
Test 5608	94	56	150
Test 5609	44	98	142
Test 5610	91	42	133
Test 5611	74	10	84
Test 5612	35	66	101
Test 5613	11	45	56
Test 5614	33	93	126
Test 5615	88	63	151
Test 5616	74	71	145
Test 5617	95	40	135
Test 5618	50	12	62
Test 5619	41	56	97
Test 5620	79	87	166
Test 5621	25	90	115
Test 5622	3	57	60
Test 5623	96	71	167
Test 5624	99	99	198
Test 5625	12	37	49
Test 5626	71	54	125
Test 5627	73	20	93
Test 5628	77	24	101
Test 5629	23	29	52
Test 5630	22	65	87
Test 5631	78	99	177
Test 5632	25	93	118
Test 5633	89	76	165
Test 5634	6	47	53
Test 5635	43	69	112
Test 5636	23	85	108
Test 5637	2	4	6
Test 5638	35	27	62
Test 5639	46	32	78
Test 5640	92	14	106
Test 5641	87	78	165
Test 5642	63	59	122
Test 5643	21	87	108
Test 5644	97	16	113
Test 5645	46	13	59
Test 5646	25	54	79
Test 5647	55	37	92
Test 5648	1	94	95
Test 5649	6	71	77
Test 5650	10	3	13
Test 5651	66	62	128
Test 5652	62	7	69
Test 5653	88	1	89
Test 5654	82	57	139
Test 5655	59	58	117
Test 5656	69	79	148
Test 5657	28	18	46
Test 5658	39	67	106
Test 5659	21	88	109
Test 5660	93	17	110
Test 5661	46	48	94
Test 5662	46	27	73
Test 5663	93	83	176
Test 5664	72	43	115
Test 5665	68	59	127
Test 5666	97	10	107
Test 5667	16	97	113
Test 5668	58	98	156
Test 5669	31	77	108
Test 5670	56	38	94
Test 5671	88	91	179
Test 5672	53	13	66
Test 5673	4	25	29
Test 5674	40	75	115
Test 5675	40	32	72
Test 5676	53	71	124
Test 5677	70	93	163
Test 5678	59	99	158
Test 5679	19	14	33
Test 5680	90	42	132
Test 5681	78	13	91
Test 5682	69	52	121
Test 5683	52	7	59
Test 5684	73	17	90
Test 5685	90	34	124
Test 5686	71	38	109
Test 5687	20	67	87
Test 5688	26	11	37
Test 5689	81	49	130
Test 5690	66	3	69
Test 5691	20	38	58
Test 5692	68	68	136
Test 5693	43	68	111
Test 5694	84	3	87
Test 5695	42	44	86
Test 5696	7	61	68
Test 5697	73	61	134
Test 5698	11	23	34
Test 5699	33	24	57
Test 5700	2	12	14
Test 5701	85	94	179
Test 5702	71	3	74
Test 5703	20	78	98
Test 5704	94	79	173
Test 5705	2	52	54
Test 5706	79	93	172
Test 5707	12	23	35
Test 5708	40	43	83
Test 5709	30	24	54
Test 5710	25	33	58
Test 5711	76	8	84
Test 5712	37	87	124
Test 5713	6	38	44
Test 5714	33	69	102
Test 5715	11	46	57
Test 5716	11	38	49
Test 5717	38	47	85
Test 5718	42	49	91
Test 5719	93	3	96
Test 5720	19	15	34
Test 5721	32	93	125
Test 5722	56	97	153
Test 5723	98	64	162
Test 5724	24	20	44
Test 5725	16	0	16
Test 5726	27	96	123
Test 5727	8	41	49
Test 5728	24	50	74
Test 5729	1	23	24
Test 5730	0	53	53
Test 5731	40	5	45
Test 5732	45	54	99
Test 5733	45	15	60
Test 5734	78	93	171
Test 5735	26	39	65
Test 5736	75	91	166
Test 5737	92	39	131
Test 5738	46	38	84
Test 5739	48	79	127
Test 5740	53	77	130
Test 5741	45	95	140
Test 5742	0	36	36
Test 5743	61	81	142
Test 5744	50	67	117
Test 5745	40	25	65
Test 5746	86	4	90
Test 5747	42	72	114
Test 5748	37	61	98
Test 5749	52	56	108
Test 5750	26	77	103
Test 5751	35	92	127
Test 5752	78	75	153
Test 5753	55	21	76
Test 5754	88	58	146
Test 5755	55	75	130
Test 5756	2	65	67
Test 5757	78	23	101
Test 5758	61	74	135
Test 5759	6	55	61
Test 5760	54	61	115
Test 5761	22	41	63
Test 5762	6	91	97
Test 5763	76	61	137
Test 5764	89	17	106
Test 5765	57	76	133
Test 5766	84	36	120
Test 5767	1	71	72
Test 5768	47	55	102
Test 5769	35	21	56
Test 5770	27	26	53
Test 5771	7	16	23
Test 5772	39	40	79
Test 5773	15	88	103
Test 5774	47	7	54
Test 5775	70	99	169
Test 5776	84	5	89
Test 5777	57	63	120
Test 5778	87	74	161
Test 5779	75	76	151
Test 5780	53	97	150
Test 5781	9	84	93
Test 5782	90	49	139
Test 5783	8	43	51
Test 5784	25	11	36
Test 5785	39	9	48
Test 5786	90	52	142
Test 5787	41	58	99
Test 5788	13	50	63
Test 5789	26	36	62
Test 5790	37	33	70
Test 5791	82	57	139
Test 5792	66	28	94
Test 5793	23	71	94
Test 5794	11	90	101
Test 5795	80	50	130
Test 5796	85	25	110
Test 5797	41	53	94
Test 5798	48	39	87
Test 5799	71	92	163
Test 5800	39	84	123
Test 5801	8	99	107
Test 5802	67	50	117
Test 5803	31	12	43
Test 5804	21	40	61
Test 5805	57	39	96
Test 5806	50	32	82
Test 5807	23	12	35
Test 5808	3	56	59
Test 5809	65	60	125
Test 5810	90	9	99
Test 5811	42	28	70
Test 5812	2	51	53
Test 5813	0	31	31
Test 5814	55	58	113
Test 5815	65	35	100
Test 5816	21	86	107
Test 5817	23	65	88
Test 5818	40	4	44
Test 5819	57	64	121
Test 5820	24	6	30
Test 5821	36	39	75
Test 5822	58	73	131
Test 5823	21	0	21
Test 5824	90	19	109
Test 5825	63	61	124
Test 5826	25	24	49
Test 5827	24	54	78
Test 5828	3	12	15
Test 5829	12	45	57
Test 5830	60	18	78
Test 5831	42	45	87
Test 5832	62	19	81
Test 5833	0	75	75
Test 5834	31	96	127
Test 5835	10	21	31
Test 5836	40	70	110
Test 5837	61	35	96
Test 5838	63	78	141
Test 5839	37	55	92
Test 5840	66	78	144
Test 5841	26	92	118
Test 5842	86	20	106
Test 5843	69	84	153
Test 5844	99	20	119
Test 5845	30	70	100
Test 5846	26	10	36
Test 5847	58	27	85
Test 5848	32	28	60
Test 5849	50	80	130
Test 5850	89	25	114
Test 5851	79	25	104
Test 5852	71	4	75
Test 5853	86	31	117
Test 5854	96	9	105
Test 5855	98	35	133
Test 5856	68	28	96
Test 5857	67	6	73
Test 5858	88	68	156
Test 5859	69	9	78
Test 5860	14	43	57
Test 5861	37	80	117
Test 5862	30	63	93
Test 5863	75	12	87
Test 5864	35	65	100
Test 5865	28	19	47
Test 5866	96	89	185
Test 5867	72	87	159
Test 5868	28	74	102
Test 5869	79	21	100
Test 5870	86	14	100
Test 5871	32	80	112
Test 5872	38	23	61
Test 5873	3	69	72
Test 5874	75	0	75
Test 5875	99	16	115
Test 5876	80	16	96
Test 5877	25	68	93
Test 5878	54	1	55
Test 5879	79	91	170
Test 5880	22	85	107
Test 5881	47	96	143
Test 5882	16	67	83
Test 5883	15	88	103
Test 5884	82	34	116
Test 5885	0	40	40
Test 5886	37	97	134
Test 5887	39	53	92
Test 5888	24	73	97
Test 5889	32	29	61
Test 5890	5	12	17
Test 5891	51	43	94
Test 5892	11	40	51
Test 5893	15	50	65
Test 5894	19	29	48
Test 5895	80	70	150
Test 5896	44	55	99
Test 5897	83	51	134
Test 5898	59	54	113
Test 5899	94	2	96
Test 5900	4	39	43
Test 5901	29	46	75
Test 5902	79	49	128
Test 5903	63	9	72
Test 5904	29	63	92
Test 5905	38	26	64
Test 5906	55	46	101
Test 5907	35	75	110
Test 5908	78	14	92
Test 5909	77	32	109
Test 5910	18	20	38
Test 5911	15	74	89
Test 5912	69	99	168
Test 5913	35	12	47
Test 5914	98	0	98
Test 5915	72	84	156
Test 5916	45	10	55
Test 5917	24	76	100
Test 5918	39	96	135
Test 5919	12	51	63
Test 5920	66	40	106
Test 5921	70	85	155
Test 5922	3	96	99
Test 5923	84	44	128
Test 5924	46	50	96
Test 5925	73	71	144
Test 5926	80	41	121
Test 5927	42	59	101
Test 5928	24	43	67
Test 5929	94	52	146
Test 5930	81	7	88
Test 5931	42	81	123
Test 5932	96	12	108
Test 5933	31	25	56
Test 5934	77	10	87
Test 5935	70	12	82
Test 5936	53	31	84
Test 5937	51	46	97
Test 5938	48	3	51
Test 5939	14	65	79
Test 5940	28	28	56
Test 5941	8	84	92
Test 5942	38	68	106
Test 5943	37	83	120
Test 5944	12	10	22
Test 5945	54	6	60
Test 5946	15	17	32
Test 5947	66	11	77
Test 5948	88	97	185
Test 5949	19	6	25
Test 5950	34	45	79
Test 5951	52	24	76
Test 5952	11	29	40
Test 5953	65	92	157
Test 5954	8	66	74
Test 5955	97	63	160
Test 5956	94	29	123
Test 5957	1	65	66
Test 5958	33	40	73
Test 5959	70	80	150
Test 5960	57	11	68
Test 5961	29	7	36
Test 5962	42	72	114
Test 5963	38	60	98
Test 5964	81	44	125
Test 5965	68	29	97
Test 5966	56	27	83
Test 5967	62	12	74
Test 5968	14	96	110
Test 5969	65	99	164
Test 5970	41	39	80
Test 5971	95	57	152
Test 5972	93	8	101
Test 5973	62	49	111
Test 5974	10	13	23
Test 5975	7	95	102
Test 5976	14	81	95
Test 5977	24	82	106
Test 5978	74	59	133
Test 5979	44	50	94
Test 5980	84	73	157
Test 5981	83	60	143
Test 5982	32	71	103
Test 5983	91	80	171
Test 5984	31	48	79
Test 5985	64	89	153
Test 5986	58	59	117
Test 5987	90	24	114
Test 5988	43	51	94
Test 5989	98	71	169
Test 5990	62	41	103
Test 5991	68	21	89
Test 5992	10	15	25
Test 5993	5	60	65
Test 5994	36	22	58
Test 5995	42	25	67
Test 5996	64	55	119
Test 5997	65	1	66
Test 5998	2	56	58
Test 5999	17	14	31
Test 6000	20	53	73
Test 6001	53	12	65
Test 6002	54	40	94
Test 6003	86	19	105
Test 6004	17	63	80
Test 6005	16	84	100
Test 6006	61	63	124
Test 6007	20	94	114
Test 6008	56	50	106
Test 6009	23	47	70
Test 6010	60	71	131
Test 6011	36	4	40
Test 6012	90	99	189
Test 6013	98	53	151
Test 6014	74	22	96
Test 6015	37	84	121
Test 6016	26	12	38
Test 6017	89	15	104
Test 6018	29	15	44
Test 6019	12	76	88
Test 6020	9	47	56
Test 6021	57	74	131
Test 6022	37	19	56
Test 6023	34	0	34
Test 6024	85	45	130
Test 6025	38	6	44
Test 6026	83	44	127
Test 6027	73	60	133
Test 6028	66	28	94
Test 6029	4	95	99
Test 6030	21	25	46
Test 6031	14	59	73
Test 6032	17	48	65
Test 6033	17	59	76
Test 6034	35	34	69
Test 6035	85	70	155
Test 6036	98	11	109
Test 6037	26	21	47
Test 6038	41	66	107
Test 6039	60	29	89
Test 6040	59	7	66
Test 6041	95	10	105
Test 6042	8	79	87
Test 6043	32	59	91
Test 6044	0	33	33
Test 6045	4	44	48
Test 6046	88	19	107
Test 6047	55	22	77
Test 6048	28	82	110
Test 6049	69	12	81
Test 6050	98	10	108
Test 6051	77	58	135
Test 6052	77	64	141
Test 6053	61	69	130
Test 6054	62	27	89
Test 6055	81	42	123
Test 6056	3	16	19
Test 6057	6	99	105
Test 6058	62	30	92
Test 6059	41	26	67
Test 6060	53	26	79
Test 6061	56	40	96
Test 6062	65	96	161
Test 6063	89	2	91
Test 6064	50	20	70
Test 6065	85	85	170
Test 6066	81	34	115
Test 6067	51	69	120
Test 6068	95	49	144
Test 6069	88	39	127
Test 6070	27	37	64
Test 6071	83	97	180
Test 6072	17	96	113
Test 6073	79	6	85
Test 6074	11	95	106
Test 6075	81	75	156
Test 6076	33	54	87
Test 6077	92	8	100
Test 6078	86	43	129
Test 6079	92	96	188
Test 6080	20	20	40
Test 6081	11	59	70
Test 6082	18	17	35
Test 6083	90	95	185
Test 6084	61	53	114
Test 6085	17	43	60
Test 6086	48	28	76
Test 6087	91	74	165
Test 6088	4	83	87
Test 6089	49	91	140
Test 6090	81	92	173
Test 6091	17	61	78
Test 6092	72	32	104
Test 6093	37	35	72
Test 6094	86	67	153
Test 6095	9	18	27
Test 6096	54	74	128
Test 6097	34	43	77
Test 6098	81	15	96
Test 6099	0	14	14
Test 6100	53	59	112
Test 6101	30	57	87
Test 6102	61	5	66
Test 6103	36	61	97
Test 6104	76	42	118
Test 6105	66	44	110
Test 6106	36	41	77
Test 6107	21	98	119
Test 6108	37	19	56
Test 6109	26	41	67
Test 6110	80	36	116
Test 6111	15	35	50
Test 6112	88	72	160
Test 6113	80	26	106
Test 6114	30	85	115
Test 6115	6	19	25
Test 6116	98	78	176
Test 6117	4	82	86
Test 6118	8	62	70
Test 6119	83	49	132
Test 6120	84	78	162
Test 6121	81	94	175
Test 6122	57	2	59
Test 6123	18	2	20
Test 6124	30	21	51
Test 6125	96	57	153
Test 6126	13	85	98
Test 6127	82	29	111
Test 6128	60	75	135
Test 6129	46	65	111
Test 6130	85	8	93
Test 6131	22	80	102
Test 6132	54	22	76
Test 6133	28	62	90
Test 6134	10	92	102
Test 6135	85	78	163
Test 6136	19	99	118
Test 6137	82	85	167
Test 6138	82	9	91
Test 6139	27	96	123
Test 6140	26	41	67
Test 6141	91	89	180
Test 6142	20	37	57
Test 6143	80	43	123
Test 6144	94	77	171
Test 6145	12	58	70
Test 6146	91	56	147
Test 6147	14	11	25
Test 6148	61	52	113
Test 6149	53	5	58
Test 6150	82	31	113
Test 6151	10	94	104
Test 6152	43	74	117
Test 6153	38	65	103
Test 6154	39	63	102
Test 6155	22	41	63
Test 6156	89	47	136
Test 6157	24	5	29
Test 6158	60	92	152
Test 6159	83	59	142
Test 6160	33	70	103
Test 6161	75	57	132
Test 6162	98	23	121
Test 6163	32	74	106
Test 6164	96	73	169
Test 6165	43	47	90
Test 6166	47	7	54
Test 6167	79	62	141
Test 6168	86	33	119
Test 6169	89	36	125
Test 6170	52	30	82
Test 6171	88	30	118
Test 6172	36	96	132
Test 6173	65	96	161
Test 6174	63	33	96
Test 6175	19	59	78
Test 6176	72	99	171
Test 6177	57	72	129
Test 6178	34	95	129
Test 6179	44	75	119
Test 6180	98	1	99
Test 6181	51	25	76
Test 6182	82	13	95
Test 6183	88	82	170
Test 6184	72	76	148
Test 6185	42	18	60
Test 6186	36	91	127
Test 6187	4	1	5
Test 6188	80	66	146
Test 6189	85	64	149
Test 6190	49	93	142
Test 6191	11	13	24
Test 6192	35	29	64
Test 6193	52	10	62
Test 6194	0	94	94
Test 6195	32	17	49
Test 6196	94	75	169
Test 6197	93	90	183
Test 6198	67	81	148
Test 6199	36	68	104
Test 6200	17	18	35
Test 6201	19	78	97
Test 6202	55	88	143
Test 6203	10	32	42
Test 6204	9	53	62
Test 6205	15	85	100
Test 6206	62	46	108
Test 6207	66	54	120
Test 6208	58	86	144
Test 6209	34	99	133
Test 6210	48	50	98
Test 6211	96	28	124
Test 6212	98	47	145
Test 6213	64	31	95
Test 6214	66	97	163
Test 6215	39	29	68
Test 6216	52	36	88
Test 6217	1	65	66
Test 6218	86	38	124
Test 6219	7	32	39
Test 6220	56	73	129
Test 6221	77	96	173
Test 6222	68	53	121
Test 6223	64	81	145
Test 6224	11	22	33
Test 6225	7	53	60
Test 6226	90	54	144
Test 6227	13	51	64
Test 6228	8	11	19
Test 6229	35	42	77
Test 6230	15	4	19
Test 6231	51	5	56
Test 6232	19	65	84
Test 6233	32	16	48
Test 6234	30	39	69
Test 6235	41	26	67
Test 6236	1	26	27
Test 6237	17	60	77
Test 6238	82	36	118
Test 6239	88	44	132
Test 6240	33	52	85
Test 6241	22	29	51
Test 6242	85	37	122
Test 6243	5	19	24
Test 6244	78	18	96
Test 6245	97	96	193
Test 6246	36	49	85
Test 6247	67	18	85
Test 6248	89	88	177
Test 6249	20	70	90
Test 6250	42	31	73
Test 6251	21	41	62
Test 6252	61	70	131
Test 6253	16	53	69
Test 6254	48	10	58
Test 6255	50	66	116
Test 6256	99	10	109
Test 6257	22	12	34
Test 6258	56	30	86
Test 6259	71	74	145
Test 6260	92	17	109
Test 6261	88	57	145
Test 6262	54	14	68
Test 6263	35	69	104
Test 6264	59	74	133
Test 6265	93	49	142
Test 6266	99	68	167
Test 6267	21	66	87
Test 6268	16	55	71
Test 6269	5	31	36
Test 6270	46	34	80
Test 6271	62	34	96
Test 6272	1	84	85
Test 6273	72	99	171
Test 6274	90	49	139
Test 6275	17	81	98
Test 6276	1	90	91
Test 6277	66	12	78
Test 6278	56	98	154
Test 6279	53	48	101
Test 6280	66	16	82
Test 6281	51	45	96
Test 6282	87	35	122
Test 6283	6	40	46
Test 6284	23	62	85
Test 6285	47	17	64
Test 6286	66	25	91
Test 6287	9	39	48
Test 6288	68	66	134
Test 6289	2	9	11
Test 6290	66	65	131
Test 6291	54	92	146
Test 6292	75	20	95
Test 6293	67	32	99
Test 6294	41	85	126
Test 6295	73	3	76
Test 6296	82	11	93
Test 6297	79	75	154
Test 6298	37	70	107
Test 6299	59	94	153
Test 6300	64	13	77
Test 6301	39	70	109
Test 6302	94	95	189
Test 6303	58	82	140
Test 6304	87	77	164
Test 6305	42	95	137
Test 6306	61	93	154
Test 6307	97	92	189
Test 6308	12	40	52
Test 6309	3	50	53
Test 6310	7	49	56
Test 6311	84	5	89
Test 6312	25	42	67
Test 6313	56	53	109
Test 6314	68	46	114
Test 6315	24	25	49
Test 6316	79	73	152
Test 6317	72	69	141
Test 6318	73	45	118
Test 6319	73	20	93
Test 6320	77	20	97
Test 6321	74	77	151
Test 6322	92	67	159
Test 6323	30	4	34
Test 6324	61	21	82
Test 6325	52	79	131
Test 6326	43	60	103
Test 6327	12	83	95
Test 6328	53	7	60
Test 6329	14	11	25
Test 6330	80	47	127
Test 6331	38	33	71
Test 6332	43	32	75
Test 6333	7	86	93
Test 6334	78	84	162
Test 6335	64	92	156
Test 6336	57	91	148
Test 6337	64	83	147
Test 6338	30	44	74
Test 6339	66	75	141
Test 6340	6	39	45
Test 6341	84	39	123
Test 6342	52	20	72
Test 6343	94	58	152
Test 6344	72	40	112
Test 6345	5	51	56
Test 6346	63	7	70
Test 6347	5	76	81
Test 6348	18	83	101
Test 6349	18	73	91
Test 6350	53	4	57
Test 6351	43	76	119
Test 6352	65	31	96
Test 6353	19	5	24
Test 6354	52	78	130
Test 6355	84	12	96
Test 6356	58	87	145
Test 6357	79	24	103
Test 6358	71	99	170
Test 6359	69	30	99
Test 6360	25	88	113
Test 6361	17	44	61
Test 6362	46	42	88
Test 6363	35	0	35
Test 6364	50	63	113
Test 6365	43	29	72
Test 6366	78	80	158
Test 6367	21	30	51
Test 6368	74	33	107
Test 6369	25	66	91
Test 6370	67	35	102
Test 6371	55	14	69
Test 6372	14	60	74
Test 6373	82	79	161
Test 6374	36	5	41
Test 6375	41	85	126
Test 6376	5	76	81
Test 6377	91	50	141
Test 6378	67	47	114
Test 6379	37	81	118
Test 6380	51	4	55
Test 6381	12	94	106
Test 6382	92	33	125
Test 6383	95	58	153
Test 6384	60	83	143
Test 6385	11	4	15
Test 6386	77	73	150
Test 6387	39	46	85
Test 6388	25	80	105
Test 6389	52	25	77
Test 6390	37	51	88
Test 6391	67	42	109
Test 6392	33	25	58
Test 6393	91	4	95
Test 6394	84	88	172
Test 6395	77	43	120
Test 6396	12	48	60
Test 6397	74	15	89
Test 6398	42	6	48
Test 6399	94	66	160
Test 6400	66	67	133
Test 6401	84	63	147
Test 6402	14	64	78
Test 6403	86	3	89
Test 6404	21	11	32
Test 6405	44	75	119
Test 6406	12	60	72
Test 6407	7	21	28
Test 6408	73	68	141
Test 6409	76	2	78
Test 6410	4	50	54
Test 6411	80	89	169
Test 6412	10	65	75
Test 6413	98	39	137
Test 6414	92	12	104
Test 6415	7	47	54
Test 6416	15	3	18
Test 6417	1	2	3
Test 6418	9	81	90
Test 6419	96	28	124
Test 6420	55	0	55
Test 6421	87	20	107
Test 6422	41	60	101
Test 6423	0	56	56
Test 6424	9	9	18
Test 6425	23	65	88
Test 6426	55	90	145
Test 6427	14	5	19
Test 6428	45	34	79
Test 6429	90	82	172
Test 6430	55	90	145
Test 6431	64	42	106
Test 6432	27	44	71
Test 6433	7	14	21
Test 6434	42	28	70
Test 6435	85	12	97
Test 6436	3	4	7
Test 6437	94	92	186
Test 6438	80	20	100
Test 6439	15	26	41
Test 6440	53	83	136
Test 6441	57	9	66
Test 6442	70	41	111
Test 6443	3	83	86
Test 6444	67	34	101
Test 6445	65	20	85
Test 6446	91	35	126
Test 6447	14	40	54
Test 6448	74	6	80
Test 6449	12	61	73
Test 6450	19	33	52
Test 6451	10	51	61
Test 6452	76	61	137
Test 6453	72	98	170
Test 6454	83	84	167
Test 6455	13	32	45
Test 6456	26	58	84
Test 6457	21	71	92
Test 6458	26	23	49
Test 6459	24	11	35
Test 6460	38	94	132
Test 6461	44	63	107
Test 6462	24	39	63
Test 6463	42	58	100
Test 6464	43	63	106
Test 6465	30	14	44
Test 6466	32	84	116
Test 6467	8	83	91
Test 6468	93	32	125
Test 6469	61	41	102
Test 6470	70	32	102
Test 6471	85	89	174
Test 6472	57	43	100
Test 6473	62	64	126
Test 6474	87	4	91
Test 6475	46	85	131
Test 6476	80	56	136
Test 6477	9	44	53
Test 6478	22	2	24
Test 6479	89	50	139
Test 6480	49	69	118
Test 6481	64	21	85
Test 6482	49	32	81
Test 6483	82	85	167
Test 6484	72	90	162
Test 6485	65	96	161
Test 6486	92	48	140
Test 6487	14	67	81
Test 6488	66	36	102
Test 6489	62	79	141
Test 6490	1	67	68
Test 6491	36	86	122
Test 6492	60	90	150
Test 6493	73	93	166
Test 6494	1	53	54
Test 6495	13	96	109
Test 6496	37	52	89
Test 6497	46	65	111
Test 6498	82	31	113
Test 6499	5	49	54
Test 6500	70	86	156
Test 6501	31	87	118
Test 6502	30	19	49
Test 6503	1	46	47
Test 6504	60	71	131
Test 6505	67	11	78
Test 6506	2	27	29
Test 6507	14	80	94
Test 6508	62	25	87
Test 6509	18	30	48
Test 6510	91	43	134
Test 6511	47	34	81
Test 6512	42	24	66
Test 6513	25	65	90
Test 6514	85	52	137
Test 6515	78	13	91
Test 6516	44	52	96
Test 6517	4	16	20
Test 6518	93	22	115
Test 6519	13	25	38
Test 6520	12	13	25
Test 6521	80	40	120
Test 6522	68	55	123
Test 6523	81	86	167
Test 6524	93	44	137
Test 6525	42	35	77
Test 6526	21	52	73
Test 6527	3	55	58
Test 6528	45	75	120
Test 6529	17	57	74
Test 6530	37	24	61
Test 6531	96	80	176
Test 6532	72	91	163
Test 6533	29	85	114
Test 6534	53	68	121
Test 6535	10	32	42
Test 6536	58	49	107
Test 6537	40	32	72
Test 6538	89	58	147
Test 6539	87	64	151
Test 6540	80	74	154
Test 6541	77	45	122
Test 6542	76	58	134
Test 6543	73	51	124
Test 6544	75	77	152
Test 6545	86	17	103
Test 6546	48	60	108
Test 6547	76	84	160
Test 6548	81	95	176
Test 6549	45	78	123
Test 6550	84	15	99
Test 6551	79	0	79
Test 6552	68	33	101
Test 6553	69	95	164
Test 6554	77	53	130
Test 6555	73	68	141
Test 6556	94	51	145
Test 6557	16	28	44
Test 6558	66	31	97
Test 6559	71	22	93
Test 6560	16	69	85
Test 6561	10	75	85
Test 6562	50	4	54
Test 6563	85	50	135
Test 6564	40	61	101
Test 6565	14	36	50
Test 6566	25	43	68
Test 6567	49	47	96
Test 6568	47	13	60
Test 6569	8	58	66
Test 6570	96	6	102
Test 6571	59	25	84
Test 6572	74	89	163
Test 6573	7	74	81
Test 6574	64	85	149
Test 6575	77	38	115
Test 6576	54	58	112
Test 6577	58	58	116
Test 6578	16	62	78
Test 6579	36	97	133
Test 6580	63	25	88
Test 6581	37	86	123
Test 6582	53	5	58
Test 6583	25	3	28
Test 6584	98	24	122
Test 6585	14	0	14
Test 6586	37	64	101
Test 6587	4	76	80
Test 6588	73	5	78
Test 6589	61	72	133
Test 6590	61	48	109
Test 6591	23	61	84
Test 6592	33	97	130
Test 6593	62	30	92
Test 6594	59	59	118
Test 6595	86	35	121
Test 6596	77	94	171
Test 6597	15	70	85
Test 6598	92	23	115
Test 6599	89	62	151
Test 6600	26	62	88
Test 6601	53	6	59
Test 6602	2	49	51
Test 6603	4	41	45
Test 6604	3	59	62
Test 6605	22	6	28
Test 6606	95	98	193
Test 6607	74	15	89
Test 6608	53	85	138
Test 6609	0	65	65
Test 6610	65	74	139
Test 6611	94	9	103
Test 6612	91	6	97
Test 6613	0	25	25
Test 6614	10	84	94
Test 6615	24	69	93
Test 6616	95	19	114
Test 6617	48	74	122
Test 6618	45	53	98
Test 6619	74	53	127
Test 6620	6	53	59
Test 6621	59	26	85
Test 6622	85	21	106
Test 6623	58	30	88
Test 6624	66	34	100
Test 6625	67	11	78
Test 6626	97	7	104
Test 6627	86	31	117
Test 6628	41	76	117
Test 6629	79	59	138
Test 6630	66	62	128
Test 6631	11	35	46
Test 6632	31	1	32
Test 6633	29	43	72
Test 6634	10	81	91
Test 6635	62	6	68
Test 6636	17	36	53
Test 6637	11	51	62
Test 6638	48	23	71
Test 6639	88	15	103
Test 6640	27	66	93
Test 6641	67	87	154
Test 6642	41	21	62
Test 6643	83	65	148
Test 6644	35	80	115
Test 6645	51	84	135
Test 6646	46	42	88
Test 6647	39	93	132
Test 6648	76	9	85
Test 6649	31	77	108
Test 6650	36	5	41
Test 6651	43	80	123
Test 6652	64	76	140
Test 6653	59	35	94
Test 6654	17	68	85
Test 6655	32	23	55
Test 6656	40	74	114
Test 6657	84	71	155
Test 6658	21	11	32
Test 6659	26	98	124
Test 6660	61	19	80
Test 6661	48	44	92
Test 6662	40	79	119
Test 6663	0	65	65
Test 6664	88	2	90
Test 6665	3	70	73
Test 6666	55	71	126
Test 6667	54	80	134
Test 6668	50	31	81
Test 6669	51	77	128
Test 6670	41	81	122
Test 6671	81	35	116
Test 6672	51	14	65
Test 6673	83	30	113
Test 6674	53	59	112
Test 6675	76	57	133
Test 6676	13	21	34
Test 6677	38	0	38
Test 6678	18	56	74
Test 6679	86	91	177
Test 6680	96	21	117
Test 6681	58	5	63
Test 6682	55	1	56
Test 6683	4	43	47
Test 6684	75	93	168
Test 6685	50	85	135
Test 6686	97	59	156
Test 6687	54	37	91
Test 6688	42	62	104
Test 6689	80	29	109
Test 6690	72	7	79
Test 6691	6	29	35
Test 6692	71	24	95
Test 6693	68	2	70
Test 6694	39	70	109
Test 6695	74	57	131
Test 6696	93	97	190
Test 6697	30	34	64
Test 6698	43	59	102
Test 6699	22	68	90
Test 6700	42	30	72
Test 6701	39	81	120
Test 6702	63	59	122
Test 6703	9	18	27
Test 6704	76	97	173
Test 6705	46	82	128
Test 6706	94	19	113
Test 6707	60	6	66
Test 6708	94	3	97
Test 6709	6	31	37
Test 6710	61	23	84
Test 6711	20	86	106
Test 6712	93	19	112
Test 6713	88	17	105
Test 6714	63	18	81
Test 6715	87	15	102
Test 6716	4	94	98
Test 6717	50	76	126
Test 6718	22	96	118
Test 6719	95	61	156
Test 6720	36	55	91
Test 6721	87	98	185
Test 6722	55	64	119
Test 6723	20	47	67
Test 6724	80	65	145
Test 6725	9	23	32
Test 6726	89	45	134
Test 6727	29	28	57
Test 6728	18	89	107
Test 6729	40	69	109
Test 6730	20	72	92
Test 6731	90	18	108
Test 6732	89	37	126
Test 6733	48	71	119
Test 6734	21	5	26
Test 6735	98	56	154
Test 6736	19	5	24
Test 6737	47	51	98
Test 6738	82	83	165
Test 6739	27	67	94
Test 6740	24	1	25
Test 6741	91	53	144
Test 6742	20	9	29
Test 6743	44	17	61
Test 6744	56	30	86
Test 6745	2	82	84
Test 6746	58	64	122
Test 6747	83	74	157
Test 6748	67	89	156
Test 6749	36	32	68
Test 6750	58	24	82
Test 6751	38	98	136
Test 6752	20	0	20
Test 6753	92	48	140
Test 6754	43	76	119
Test 6755	13	25	38
Test 6756	58	1	59
Test 6757	24	20	44
Test 6758	21	92	113
Test 6759	9	23	32
Test 6760	41	90	131
Test 6761	59	50	109
Test 6762	49	59	108
Test 6763	55	47	102
Test 6764	5	41	46
Test 6765	19	89	108
Test 6766	26	41	67
Test 6767	53	18	71
Test 6768	74	46	120
Test 6769	22	34	56
Test 6770	30	78	108
Test 6771	94	63	157
Test 6772	78	17	95
Test 6773	32	77	109
Test 6774	12	20	32
Test 6775	47	73	120
Test 6776	15	95	110
Test 6777	84	59	143
Test 6778	28	24	52
Test 6779	99	41	140
Test 6780	55	93	148
Test 6781	87	19	106
Test 6782	85	57	142
Test 6783	41	97	138
Test 6784	93	46	139
Test 6785	52	80	132
Test 6786	15	60	75
Test 6787	64	27	91
Test 6788	53	9	62
Test 6789	22	65	87
Test 6790	84	62	146
Test 6791	11	67	78
Test 6792	1	92	93
Test 6793	53	89	142
Test 6794	35	62	97
Test 6795	1	94	95
Test 6796	27	8	35
Test 6797	62	44	106
Test 6798	93	14	107
Test 6799	84	6	90
Test 6800	49	67	116
Test 6801	29	13	42
Test 6802	45	1	46
Test 6803	53	44	97
Test 6804	35	22	57
Test 6805	10	99	109
Test 6806	10	6	16
Test 6807	62	57	119
Test 6808	63	48	111
Test 6809	23	87	110
Test 6810	23	45	68
Test 6811	29	41	70
Test 6812	3	27	30
Test 6813	55	8	63
Test 6814	60	40	100
Test 6815	29	31	60
Test 6816	61	76	137
Test 6817	23	34	57
Test 6818	8	0	8
Test 6819	91	81	172
Test 6820	30	51	81
Test 6821	76	47	123
Test 6822	1	85	86
Test 6823	4	35	39
Test 6824	78	46	124
Test 6825	96	39	135
Test 6826	54	7	61
Test 6827	35	94	129
Test 6828	30	98	128
Test 6829	94	81	175
Test 6830	69	60	129
Test 6831	60	32	92
Test 6832	25	2	27
Test 6833	42	71	113
Test 6834	39	61	100
Test 6835	34	63	97
Test 6836	85	38	123
Test 6837	18	70	88
Test 6838	53	86	139
Test 6839	54	69	123
Test 6840	94	18	112
Test 6841	51	17	68
Test 6842	62	34	96
Test 6843	60	94	154
Test 6844	63	53	116
Test 6845	62	41	103
Test 6846	10	25	35
Test 6847	13	79	92
Test 6848	53	65	118
Test 6849	30	21	51
Test 6850	99	2	101
Test 6851	89	70	159
Test 6852	33	55	88
Test 6853	45	54	99
Test 6854	37	6	43
Test 6855	75	53	128
Test 6856	98	86	184
Test 6857	63	34	97
Test 6858	19	14	33
Test 6859	54	80	134
Test 6860	75	9	84
Test 6861	0	70	70
Test 6862	88	0	88
Test 6863	92	24	116
Test 6864	45	35	80
Test 6865	83	34	117
Test 6866	82	55	137
Test 6867	7	90	97
Test 6868	52	27	79
Test 6869	49	94	143
Test 6870	81	96	177
Test 6871	29	14	43
Test 6872	73	49	122
Test 6873	91	59	150
Test 6874	52	88	140
Test 6875	96	27	123
Test 6876	21	21	42
Test 6877	23	42	65
Test 6878	45	80	125
Test 6879	27	48	75
Test 6880	76	59	135
Test 6881	52	76	128
Test 6882	13	80	93
Test 6883	80	57	137
Test 6884	80	28	108
Test 6885	32	82	114
Test 6886	97	46	143
Test 6887	7	18	25
Test 6888	64	62	126
Test 6889	48	53	101
Test 6890	70	46	116
Test 6891	32	6	38
Test 6892	78	43	121
Test 6893	10	21	31
Test 6894	49	59	108
Test 6895	33	52	85
Test 6896	23	5	28
Test 6897	65	40	105
Test 6898	63	66	129
Test 6899	96	41	137
Test 6900	48	24	72
Test 6901	9	44	53
Test 6902	95	64	159
Test 6903	72	42	114
Test 6904	30	63	93
Test 6905	44	57	101
Test 6906	41	47	88
Test 6907	9	11	20
Test 6908	25	56	81
Test 6909	92	43	135
Test 6910	4	22	26
Test 6911	3	13	16
Test 6912	88	90	178
Test 6913	32	38	70
Test 6914	56	62	118
Test 6915	2	25	27
Test 6916	70	92	162
Test 6917	59	72	131
Test 6918	48	92	140
Test 6919	76	46	122
Test 6920	12	5	17
Test 6921	10	3	13
Test 6922	83	68	151
Test 6923	33	3	36
Test 6924	9	98	107
Test 6925	17	23	40
Test 6926	22	6	28
Test 6927	12	86	98
Test 6928	83	20	103
Test 6929	71	34	105
Test 6930	92	80	172
Test 6931	28	34	62
Test 6932	48	79	127
Test 6933	61	14	75
Test 6934	40	14	54
Test 6935	3	4	7
Test 6936	76	25	101
Test 6937	92	84	176
Test 6938	96	75	171
Test 6939	17	28	45
Test 6940	45	59	104
Test 6941	30	32	62
Test 6942	18	70	88
Test 6943	54	82	136
Test 6944	95	5	100
Test 6945	17	60	77
Test 6946	68	31	99
Test 6947	14	49	63
Test 6948	31	44	75
Test 6949	70	63	133
Test 6950	67	8	75
Test 6951	71	45	116
Test 6952	87	18	105
Test 6953	37	33	70
Test 6954	12	39	51
Test 6955	54	51	105
Test 6956	9	85	94
Test 6957	5	9	14
Test 6958	71	31	102
Test 6959	84	73	157
Test 6960	19	1	20
Test 6961	52	82	134
Test 6962	12	38	50
Test 6963	1	74	75
Test 6964	94	33	127
Test 6965	88	89	177
Test 6966	18	86	104
Test 6967	67	41	108
Test 6968	44	54	98
Test 6969	31	73	104
Test 6970	97	58	155
Test 6971	84	58	142
Test 6972	57	38	95
Test 6973	8	37	45
Test 6974	1	26	27
Test 6975	97	89	186
Test 6976	75	21	96
Test 6977	18	35	53
Test 6978	8	79	87
Test 6979	26	89	115
Test 6980	76	42	118
Test 6981	62	81	143
Test 6982	14	74	88
Test 6983	45	15	60
Test 6984	53	91	144
Test 6985	45	71	116
Test 6986	50	31	81
Test 6987	83	81	164
Test 6988	39	72	111
Test 6989	10	50	60
Test 6990	14	29	43
Test 6991	12	39	51
Test 6992	82	61	143
Test 6993	51	18	69
Test 6994	48	5	53
Test 6995	80	56	136
Test 6996	23	15	38
Test 6997	85	36	121
Test 6998	21	89	110
Test 6999	45	91	136
Test 7000	60	43	103
Test 7001	24	62	86
Test 7002	69	37	106
Test 7003	45	89	134
Test 7004	49	62	111
Test 7005	24	21	45
Test 7006	67	87	154
Test 7007	93	12	105
Test 7008	29	14	43
Test 7009	99	54	153
Test 7010	60	92	152
Test 7011	63	11	74
Test 7012	1	20	21
Test 7013	30	44	74
Test 7014	27	48	75
Test 7015	88	67	155
Test 7016	21	35	56
Test 7017	91	83	174
Test 7018	15	67	82
Test 7019	91	0	91
Test 7020	51	49	100
Test 7021	2	63	65
Test 7022	97	26	123
Test 7023	71	21	92
Test 7024	91	90	181
Test 7025	56	10	66
Test 7026	76	68	144
Test 7027	16	3	19
Test 7028	15	70	85
Test 7029	73	32	105
Test 7030	91	77	168
Test 7031	85	26	111
Test 7032	35	14	49
Test 7033	86	69	155
Test 7034	31	58	89
Test 7035	61	60	121
Test 7036	56	41	97
Test 7037	50	17	67
Test 7038	72	70	142
Test 7039	11	11	22
Test 7040	52	22	74
Test 7041	88	86	174
Test 7042	65	64	129
Test 7043	41	31	72
Test 7044	93	19	112
Test 7045	56	99	155
Test 7046	49	53	102
Test 7047	23	73	96
Test 7048	5	52	57
Test 7049	21	64	85
Test 7050	68	85	153
Test 7051	45	44	89
Test 7052	78	24	102
Test 7053	0	56	56
Test 7054	1	22	23
Test 7055	76	19	95
Test 7056	68	83	151
Test 7057	70	54	124
Test 7058	14	57	71
Test 7059	94	18	112
Test 7060	75	1	76
Test 7061	40	9	49
Test 7062	5	46	51
Test 7063	67	12	79
Test 7064	79	96	175
Test 7065	84	93	177
Test 7066	67	52	119
Test 7067	91	23	114
Test 7068	20	33	53
Test 7069	7	75	82
Test 7070	77	70	147
Test 7071	28	98	126
Test 7072	35	82	117
Test 7073	15	81	96
Test 7074	75	25	100
Test 7075	78	85	163
Test 7076	72	48	120
Test 7077	1	78	79
Test 7078	69	90	159
Test 7079	33	39	72
Test 7080	1	21	22
Test 7081	36	47	83
Test 7082	46	35	81
Test 7083	49	52	101
Test 7084	63	35	98
Test 7085	99	92	191
Test 7086	68	54	122
Test 7087	39	79	118
Test 7088	3	82	85
Test 7089	15	90	105
Test 7090	46	95	141
Test 7091	98	67	165
Test 7092	29	47	76
Test 7093	6	19	25
Test 7094	84	61	145
Test 7095	87	93	180
Test 7096	49	22	71
Test 7097	75	34	109
Test 7098	35	38	73
Test 7099	96	29	125
Test 7100	70	69	139
Test 7101	55	41	96
Test 7102	42	45	87
Test 7103	36	24	60
Test 7104	89	85	174
Test 7105	74	7	81
Test 7106	37	6	43
Test 7107	24	24	48
Test 7108	55	75	130
Test 7109	41	81	122
Test 7110	99	76	175
Test 7111	5	3	8
Test 7112	92	13	105
Test 7113	86	40	126
Test 7114	28	88	116
Test 7115	2	67	69
Test 7116	99	97	196
Test 7117	33	76	109
Test 7118	54	99	153
Test 7119	46	91	137
Test 7120	38	46	84
Test 7121	54	50	104
Test 7122	61	65	126
Test 7123	10	90	100
Test 7124	59	80	139
Test 7125	14	40	54
Test 7126	31	5	36
Test 7127	67	4	71
Test 7128	15	60	75
Test 7129	57	49	106
Test 7130	82	49	131
Test 7131	66	44	110
Test 7132	31	12	43
Test 7133	22	61	83
Test 7134	43	18	61
Test 7135	89	1	90
Test 7136	88	57	145
Test 7137	10	0	10
Test 7138	3	19	22
Test 7139	22	31	53
Test 7140	49	34	83
Test 7141	13	89	102
Test 7142	71	6	77
Test 7143	6	53	59
Test 7144	80	29	109
Test 7145	87	88	175
Test 7146	22	79	101
Test 7147	95	64	159
Test 7148	2	65	67
Test 7149	58	76	134
Test 7150	12	84	96
Test 7151	63	21	84
Test 7152	77	49	126
Test 7153	41	18	59
Test 7154	26	12	38
Test 7155	28	27	55
Test 7156	47	30	77
Test 7157	43	87	130
Test 7158	86	58	144
Test 7159	93	3	96
Test 7160	50	62	112
Test 7161	51	21	72
Test 7162	4	91	95
Test 7163	67	89	156
Test 7164	59	37	96
Test 7165	47	7	54
Test 7166	9	8	17
Test 7167	73	40	113
Test 7168	52	73	125
Test 7169	30	44	74
Test 7170	54	69	123
Test 7171	89	69	158
Test 7172	58	60	118
Test 7173	1	94	95
Test 7174	57	40	97
Test 7175	80	83	163
Test 7176	41	67	108
Test 7177	67	63	130
Test 7178	79	74	153
Test 7179	18	96	114
Test 7180	8	33	41
Test 7181	62	57	119
Test 7182	90	38	128
Test 7183	63	66	129
Test 7184	26	99	125
Test 7185	98	32	130
Test 7186	80	61	141
Test 7187	13	81	94
Test 7188	58	31	89
Test 7189	52	67	119
Test 7190	15	91	106
Test 7191	72	35	107
Test 7192	49	43	92
Test 7193	10	59	69
Test 7194	15	13	28
Test 7195	22	97	119
Test 7196	98	31	129
Test 7197	49	29	78
Test 7198	91	92	183
Test 7199	89	18	107
Test 7200	38	86	124
Test 7201	44	81	125
Test 7202	64	91	155
Test 7203	21	50	71
Test 7204	32	56	88
Test 7205	31	57	88
Test 7206	18	19	37
Test 7207	69	59	128
Test 7208	1	8	9
Test 7209	35	70	105
Test 7210	27	61	88
Test 7211	0	77	77
Test 7212	90	42	132
Test 7213	98	47	145
Test 7214	66	53	119
Test 7215	85	33	118
Test 7216	53	82	135
Test 7217	10	95	105
Test 7218	51	67	118
Test 7219	58	95	153
Test 7220	39	96	135
Test 7221	43	45	88
Test 7222	19	95	114
Test 7223	23	12	35
Test 7224	75	79	154
Test 7225	45	26	71
Test 7226	52	18	70
Test 7227	10	8	18
Test 7228	64	28	92
Test 7229	29	34	63
Test 7230	53	79	132
Test 7231	80	70	150
Test 7232	69	84	153
Test 7233	22	39	61
Test 7234	78	2	80
Test 7235	29	28	57
Test 7236	23	71	94
Test 7237	1	95	96
Test 7238	78	97	175
Test 7239	68	19	87
Test 7240	49	33	82
Test 7241	69	88	157
Test 7242	40	62	102
Test 7243	76	75	151
Test 7244	8	31	39
Test 7245	44	31	75
Test 7246	95	83	178
Test 7247	9	38	47
Test 7248	72	33	105
Test 7249	56	23	79
Test 7250	2	85	87
Test 7251	81	64	145
Test 7252	47	17	64
Test 7253	52	41	93
Test 7254	66	31	97
Test 7255	80	31	111
Test 7256	22	38	60
Test 7257	83	81	164
Test 7258	96	85	181
Test 7259	92	79	171
Test 7260	51	62	113
Test 7261	88	85	173
Test 7262	88	23	111
Test 7263	66	6	72
Test 7264	81	74	155
Test 7265	86	87	173
Test 7266	19	93	112
Test 7267	96	20	116
Test 7268	81	19	100
Test 7269	39	88	127
Test 7270	16	9	25
Test 7271	90	98	188
Test 7272	59	59	118
Test 7273	41	30	71
Test 7274	23	79	102
Test 7275	72	46	118
Test 7276	76	98	174
Test 7277	85	62	147
Test 7278	91	63	154
Test 7279	60	44	104
Test 7280	58	36	94
Test 7281	54	10	64
Test 7282	0	68	68
Test 7283	48	63	111
Test 7284	2	86	88
Test 7285	62	53	115
Test 7286	55	3	58
Test 7287	36	99	135
Test 7288	9	29	38
Test 7289	51	64	115
Test 7290	27	28	55
Test 7291	65	23	88
Test 7292	70	44	114
Test 7293	75	35	110
Test 7294	58	49	107
Test 7295	11	51	62
Test 7296	97	93	190
Test 7297	19	18	37
Test 7298	21	35	56
Test 7299	58	49	107
Test 7300	62	7	69
Test 7301	72	12	84
Test 7302	95	54	149
Test 7303	69	71	140
Test 7304	50	5	55
Test 7305	57	31	88
Test 7306	23	55	78
Test 7307	21	78	99
Test 7308	62	97	159
Test 7309	26	1	27
Test 7310	32	49	81
Test 7311	42	7	49
Test 7312	82	37	119
Test 7313	36	22	58
Test 7314	10	88	98
Test 7315	17	6	23
Test 7316	60	43	103
Test 7317	50	0	50
Test 7318	99	60	159
Test 7319	96	3	99
Test 7320	1	80	81
Test 7321	76	83	159
Test 7322	96	69	165
Test 7323	32	75	107
Test 7324	99	74	173
Test 7325	56	72	128
Test 7326	61	12	73
Test 7327	20	13	33
Test 7328	26	34	60
Test 7329	4	50	54
Test 7330	84	14	98
Test 7331	11	15	26
Test 7332	76	3	79
Test 7333	37	0	37
Test 7334	4	13	17
Test 7335	81	30	111
Test 7336	66	83	149
Test 7337	27	60	87
Test 7338	70	67	137
Test 7339	3	70	73
Test 7340	5	51	56
Test 7341	21	85	106
Test 7342	84	90	174
Test 7343	89	58	147
Test 7344	72	93	165
Test 7345	50	14	64
Test 7346	13	85	98
Test 7347	8	29	37
Test 7348	20	54	74
Test 7349	43	97	140
Test 7350	32	21	53
Test 7351	71	90	161
Test 7352	47	37	84
Test 7353	22	50	72
Test 7354	28	44	72
Test 7355	12	73	85
Test 7356	74	61	135
Test 7357	15	1	16
Test 7358	24	78	102
Test 7359	51	73	124
Test 7360	85	12	97
Test 7361	84	63	147
Test 7362	59	89	148
Test 7363	47	92	139
Test 7364	43	19	62
Test 7365	3	21	24
Test 7366	36	80	116
Test 7367	94	80	174
Test 7368	80	7	87
Test 7369	56	54	110
Test 7370	40	44	84
Test 7371	4	32	36
Test 7372	61	98	159
Test 7373	38	13	51
Test 7374	60	21	81
Test 7375	44	8	52
Test 7376	99	45	144
Test 7377	83	77	160
Test 7378	54	35	89
Test 7379	97	96	193
Test 7380	50	6	56
Test 7381	16	49	65
Test 7382	50	25	75
Test 7383	79	77	156
Test 7384	49	96	145
Test 7385	42	20	62
Test 7386	45	30	75
Test 7387	60	81	141
Test 7388	93	87	180
Test 7389	73	45	118
Test 7390	13	32	45
Test 7391	60	3	63
Test 7392	54	41	95
Test 7393	53	49	102
Test 7394	50	81	131
Test 7395	8	42	50
Test 7396	89	22	111
Test 7397	29	96	125
Test 7398	77	31	108
Test 7399	40	61	101
Test 7400	22	38	60
Test 7401	64	84	148
Test 7402	40	0	40
Test 7403	9	13	22
Test 7404	79	56	135
Test 7405	37	65	102
Test 7406	95	82	177
Test 7407	66	76	142
Test 7408	90	8	98
Test 7409	13	2	15
Test 7410	6	51	57
Test 7411	37	30	67
Test 7412	36	28	64
Test 7413	4	71	75
Test 7414	66	3	69
Test 7415	89	91	180
Test 7416	57	47	104
Test 7417	61	75	136
Test 7418	20	2	22
Test 7419	17	20	37
Test 7420	51	79	130
Test 7421	34	75	109
Test 7422	82	5	87
Test 7423	65	6	71
Test 7424	41	44	85
Test 7425	64	95	159
Test 7426	50	75	125
Test 7427	70	63	133
Test 7428	56	69	125
Test 7429	35	23	58
Test 7430	37	6	43
Test 7431	13	97	110
Test 7432	39	45	84
Test 7433	31	38	69
Test 7434	26	11	37
Test 7435	14	50	64
Test 7436	90	16	106
Test 7437	84	36	120
Test 7438	51	62	113
Test 7439	57	41	98
Test 7440	65	96	161
Test 7441	78	72	150
Test 7442	71	5	76
Test 7443	5	73	78
Test 7444	63	46	109
Test 7445	41	38	79
Test 7446	97	84	181
Test 7447	77	22	99
Test 7448	85	58	143
Test 7449	79	14	93
Test 7450	48	4	52
Test 7451	95	35	130
Test 7452	96	21	117
Test 7453	58	56	114
Test 7454	35	34	69
Test 7455	41	86	127
Test 7456	90	86	176
Test 7457	69	88	157
Test 7458	95	63	158
Test 7459	50	60	110
Test 7460	46	70	116
Test 7461	12	44	56
Test 7462	94	26	120
Test 7463	92	69	161
Test 7464	73	94	167
Test 7465	64	36	100
Test 7466	34	94	128
Test 7467	66	42	108
Test 7468	31	59	90
Test 7469	82	10	92
Test 7470	46	67	113
Test 7471	17	26	43
Test 7472	94	64	158
Test 7473	84	86	170
Test 7474	90	71	161
Test 7475	67	65	132
Test 7476	13	53	66
Test 7477	30	53	83
Test 7478	72	16	88
Test 7479	12	14	26
Test 7480	51	74	125
Test 7481	6	85	91
Test 7482	50	60	110
Test 7483	67	83	150
Test 7484	15	78	93
Test 7485	56	32	88
Test 7486	15	44	59
Test 7487	33	33	66
Test 7488	97	31	128
Test 7489	80	47	127
Test 7490	47	98	145
Test 7491	39	38	77
Test 7492	81	76	157
Test 7493	45	22	67
Test 7494	62	29	91
Test 7495	91	13	104
Test 7496	64	62	126
Test 7497	88	65	153
Test 7498	50	33	83
Test 7499	27	55	82
Test 7500	92	98	190
Test 7501	32	40	72
Test 7502	4	15	19
Test 7503	24	97	121
Test 7504	89	82	171
Test 7505	22	96	118
Test 7506	96	0	96
Test 7507	79	53	132
Test 7508	96	6	102
Test 7509	29	44	73
Test 7510	69	16	85
Test 7511	70	74	144
Test 7512	52	40	92
Test 7513	15	30	45
Test 7514	97	95	192
Test 7515	3	44	47
Test 7516	42	54	96
Test 7517	13	24	37
Test 7518	26	50	76
Test 7519	3	46	49
Test 7520	66	27	93
Test 7521	58	76	134
Test 7522	0	78	78
Test 7523	61	18	79
Test 7524	96	83	179
Test 7525	70	55	125
Test 7526	98	30	128
Test 7527	29	38	67
Test 7528	83	79	162
Test 7529	70	39	109
Test 7530	93	13	106
Test 7531	58	46	104
Test 7532	82	48	130
Test 7533	15	71	86
Test 7534	41	52	93
Test 7535	39	94	133
Test 7536	11	27	38
Test 7537	24	79	103
Test 7538	79	17	96
Test 7539	1	24	25
Test 7540	0	52	52
Test 7541	66	84	150
Test 7542	75	46	121
Test 7543	64	6	70
Test 7544	48	60	108
Test 7545	26	60	86
Test 7546	61	95	156
Test 7547	14	62	76
Test 7548	91	70	161
Test 7549	36	58	94
Test 7550	68	92	160
Test 7551	92	71	163
Test 7552	76	10	86
Test 7553	22	47	69
Test 7554	14	59	73
Test 7555	51	90	141
Test 7556	51	75	126
Test 7557	46	5	51
Test 7558	13	15	28
Test 7559	30	83	113
Test 7560	86	89	175
Test 7561	58	92	150
Test 7562	32	86	118
Test 7563	41	12	53
Test 7564	33	14	47
Test 7565	3	74	77
Test 7566	60	2	62
Test 7567	32	86	118
Test 7568	10	5	15
Test 7569	31	27	58
Test 7570	81	43	124
Test 7571	47	59	106
Test 7572	69	78	147
Test 7573	85	40	125
Test 7574	67	16	83
Test 7575	10	72	82
Test 7576	85	65	150
Test 7577	8	55	63
Test 7578	90	79	169
Test 7579	33	10	43
Test 7580	11	70	81
Test 7581	20	18	38
Test 7582	6	92	98
Test 7583	15	70	85
Test 7584	87	43	130
Test 7585	88	3	91
Test 7586	67	88	155
Test 7587	68	75	143
Test 7588	72	83	155
Test 7589	62	61	123
Test 7590	31	46	77
Test 7591	49	79	128
Test 7592	96	40	136
Test 7593	50	83	133
Test 7594	20	68	88
Test 7595	11	69	80
Test 7596	11	11	22
Test 7597	92	16	108
Test 7598	87	29	116
Test 7599	42	49	91
Test 7600	84	96	180
Test 7601	99	68	167
Test 7602	15	40	55
Test 7603	52	18	70
Test 7604	2	78	80
Test 7605	4	43	47
Test 7606	28	2	30
Test 7607	11	76	87
Test 7608	36	24	60
Test 7609	11	88	99
Test 7610	10	10	20
Test 7611	14	72	86
Test 7612	75	51	126
Test 7613	52	24	76
Test 7614	63	31	94
Test 7615	77	7	84
Test 7616	57	67	124
Test 7617	32	91	123
Test 7618	44	61	105
Test 7619	23	23	46
Test 7620	16	68	84
Test 7621	66	19	85
Test 7622	50	4	54
Test 7623	13	58	71
Test 7624	4	99	103
Test 7625	89	35	124
Test 7626	60	45	105
Test 7627	21	53	74
Test 7628	70	6	76
Test 7629	63	45	108
Test 7630	19	33	52
Test 7631	50	69	119
Test 7632	65	25	90
Test 7633	22	8	30
Test 7634	9	85	94
Test 7635	70	47	117
Test 7636	86	60	146
Test 7637	11	83	94
Test 7638	77	5	82
Test 7639	66	77	143
Test 7640	72	63	135
Test 7641	26	76	102
Test 7642	47	12	59
Test 7643	58	62	120
Test 7644	85	17	102
Test 7645	27	33	60
Test 7646	32	60	92
Test 7647	14	73	87
Test 7648	96	90	186
Test 7649	76	17	93
Test 7650	34	11	45
Test 7651	40	32	72
Test 7652	60	37	97
Test 7653	14	93	107
Test 7654	49	49	98
Test 7655	0	64	64
Test 7656	3	90	93
Test 7657	82	0	82
Test 7658	92	23	115
Test 7659	35	40	75
Test 7660	19	84	103
Test 7661	63	10	73
Test 7662	5	74	79
Test 7663	90	72	162
Test 7664	35	58	93
Test 7665	79	98	177
Test 7666	76	67	143
Test 7667	89	8	97
Test 7668	40	63	103
Test 7669	75	30	105
Test 7670	29	17	46
Test 7671	5	22	27
Test 7672	46	20	66
Test 7673	60	50	110
Test 7674	82	36	118
Test 7675	68	62	130
Test 7676	5	58	63
Test 7677	96	69	165
Test 7678	20	30	50
Test 7679	62	19	81
Test 7680	39	89	128
Test 7681	0	26	26
Test 7682	71	11	82
Test 7683	36	93	129
Test 7684	14	76	90
Test 7685	51	49	100
Test 7686	4	10	14
Test 7687	37	12	49
Test 7688	43	60	103
Test 7689	39	42	81
Test 7690	4	88	92
Test 7691	37	6	43
Test 7692	17	43	60
Test 7693	16	96	112
Test 7694	53	6	59
Test 7695	71	79	150
Test 7696	55	19	74
Test 7697	10	26	36
Test 7698	9	5	14
Test 7699	81	37	118
Test 7700	1	10	11
Test 7701	91	84	175
Test 7702	83	29	112
Test 7703	55	7	62
Test 7704	23	22	45
Test 7705	46	59	105
Test 7706	23	28	51
Test 7707	20	83	103
Test 7708	20	57	77
Test 7709	40	71	111
Test 7710	14	44	58
Test 7711	47	29	76
Test 7712	41	48	89
Test 7713	82	8	90
Test 7714	87	17	104
Test 7715	29	59	88
Test 7716	63	10	73
Test 7717	9	60	69
Test 7718	38	93	131
Test 7719	19	51	70
Test 7720	9	66	75
Test 7721	47	49	96
Test 7722	75	99	174
Test 7723	70	95	165
Test 7724	97	7	104
Test 7725	56	92	148
Test 7726	51	56	107
Test 7727	40	84	124
Test 7728	33	41	74
Test 7729	19	42	61
Test 7730	97	3	100
Test 7731	71	28	99
Test 7732	20	76	96
Test 7733	41	42	83
Test 7734	31	50	81
Test 7735	19	64	83
Test 7736	10	84	94
Test 7737	73	91	164
Test 7738	7	36	43
Test 7739	66	54	120
Test 7740	20	17	37
Test 7741	63	75	138
Test 7742	70	47	117
Test 7743	1	9	10
Test 7744	8	15	23
Test 7745	56	26	82
Test 7746	91	20	111
Test 7747	74	40	114
Test 7748	31	93	124
Test 7749	44	95	139
Test 7750	94	25	119
Test 7751	62	68	130
Test 7752	26	89	115
Test 7753	62	72	134
Test 7754	31	3	34
Test 7755	3	24	27
Test 7756	7	73	80
Test 7757	89	81	170
Test 7758	27	10	37
Test 7759	52	58	110
Test 7760	7	32	39
Test 7761	93	90	183
Test 7762	73	14	87
Test 7763	29	38	67
Test 7764	88	94	182
Test 7765	87	94	181
Test 7766	90	63	153
Test 7767	92	65	157
Test 7768	34	41	75
Test 7769	41	25	66
Test 7770	25	42	67
Test 7771	63	36	99
Test 7772	9	19	28
Test 7773	16	14	30
Test 7774	31	25	56
Test 7775	7	1	8
Test 7776	40	81	121
Test 7777	2	78	80
Test 7778	80	36	116
Test 7779	13	24	37
Test 7780	69	14	83
Test 7781	78	25	103
Test 7782	29	12	41
Test 7783	72	11	83
Test 7784	93	78	171
Test 7785	23	85	108
Test 7786	41	75	116
Test 7787	18	9	27
Test 7788	88	75	163
Test 7789	73	53	126
Test 7790	25	36	61
Test 7791	84	76	160
Test 7792	57	69	126
Test 7793	57	86	143
Test 7794	81	42	123
Test 7795	94	19	113
Test 7796	96	72	168
Test 7797	84	49	133
Test 7798	65	95	160
Test 7799	93	65	158
Test 7800	29	92	121
Test 7801	43	3	46
Test 7802	73	7	80
Test 7803	20	60	80
Test 7804	34	0	34
Test 7805	42	47	89
Test 7806	69	38	107
Test 7807	65	28	93
Test 7808	6	93	99
Test 7809	55	70	125
Test 7810	69	12	81
Test 7811	65	17	82
Test 7812	70	39	109
Test 7813	85	55	140
Test 7814	42	26	68
Test 7815	46	31	77
Test 7816	35	5	40
Test 7817	3	74	77
Test 7818	23	85	108
Test 7819	22	14	36
Test 7820	61	78	139
Test 7821	29	48	77
Test 7822	8	28	36
Test 7823	55	76	131
Test 7824	43	26	69
Test 7825	46	6	52
Test 7826	72	60	132
Test 7827	16	78	94
Test 7828	2	45	47
Test 7829	23	75	98
Test 7830	32	17	49
Test 7831	27	60	87
Test 7832	55	85	140
Test 7833	70	31	101
Test 7834	28	57	85
Test 7835	80	93	173
Test 7836	48	56	104
Test 7837	49	9	58
Test 7838	47	78	125
Test 7839	81	62	143
Test 7840	45	85	130
Test 7841	49	27	76
Test 7842	49	60	109
Test 7843	30	20	50
Test 7844	12	66	78
Test 7845	89	86	175
Test 7846	15	22	37
Test 7847	95	61	156
Test 7848	82	65	147
Test 7849	70	46	116
Test 7850	86	89	175
Test 7851	90	26	116
Test 7852	56	94	150
Test 7853	76	16	92
Test 7854	91	72	163
Test 7855	89	33	122
Test 7856	64	11	75
Test 7857	2	5	7
Test 7858	19	61	80
Test 7859	28	55	83
Test 7860	40	48	88
Test 7861	96	75	171
Test 7862	50	76	126
Test 7863	70	68	138
Test 7864	40	10	50
Test 7865	43	2	45
Test 7866	45	82	127
Test 7867	14	21	35
Test 7868	92	75	167
Test 7869	7	90	97
Test 7870	15	51	66
Test 7871	88	8	96
Test 7872	88	33	121
Test 7873	72	19	91
Test 7874	65	20	85
Test 7875	23	16	39
Test 7876	17	16	33
Test 7877	96	96	192
Test 7878	91	72	163
Test 7879	89	10	99
Test 7880	79	80	159
Test 7881	87	67	154
Test 7882	90	44	134
Test 7883	25	60	85
Test 7884	52	25	77
Test 7885	89	14	103
Test 7886	87	42	129
Test 7887	88	67	155
Test 7888	45	41	86
Test 7889	7	60	67
Test 7890	69	27	96
Test 7891	39	32	71
Test 7892	45	14	59
Test 7893	83	81	164
Test 7894	93	35	128
Test 7895	83	44	127
Test 7896	51	35	86
Test 7897	69	45	114
Test 7898	89	66	155
Test 7899	52	66	118
Test 7900	3	91	94
Test 7901	66	39	105
Test 7902	23	81	104
Test 7903	84	30	114
Test 7904	9	43	52
Test 7905	57	23	80
Test 7906	28	43	71
Test 7907	28	95	123
Test 7908	43	38	81
Test 7909	41	51	92
Test 7910	66	28	94
Test 7911	34	88	122
Test 7912	10	47	57
Test 7913	26	25	51
Test 7914	39	48	87
Test 7915	47	82	129
Test 7916	51	32	83
Test 7917	83	13	96
Test 7918	93	19	112
Test 7919	39	67	106
Test 7920	52	36	88
Test 7921	24	40	64
Test 7922	3	29	32
Test 7923	56	68	124
Test 7924	3	96	99
Test 7925	72	76	148
Test 7926	12	56	68
Test 7927	42	14	56
Test 7928	82	50	132
Test 7929	22	4	26
Test 7930	78	37	115
Test 7931	35	25	60
Test 7932	45	63	108
Test 7933	7	88	95
Test 7934	63	40	103
Test 7935	4	85	89
Test 7936	97	55	152
Test 7937	91	98	189
Test 7938	42	97	139
Test 7939	86	96	182
Test 7940	2	54	56
Test 7941	73	37	110
Test 7942	15	10	25
Test 7943	69	51	120
Test 7944	59	95	154
Test 7945	11	15	26
Test 7946	89	7	96
Test 7947	8	58	66
Test 7948	71	22	93
Test 7949	20	45	65
Test 7950	89	35	124
Test 7951	44	51	95
Test 7952	21	41	62
Test 7953	76	95	171
Test 7954	37	44	81
Test 7955	29	50	79
Test 7956	33	20	53
Test 7957	96	38	134
Test 7958	18	98	116
Test 7959	3	35	38
Test 7960	73	46	119
Test 7961	46	28	74
Test 7962	65	51	116
Test 7963	88	31	119
Test 7964	73	79	152
Test 7965	12	6	18
Test 7966	37	9	46
Test 7967	4	94	98
Test 7968	54	79	133
Test 7969	59	90	149
Test 7970	63	7	70
Test 7971	98	77	175
Test 7972	94	11	105
Test 7973	52	19	71
Test 7974	41	22	63
Test 7975	88	77	165
Test 7976	86	78	164
Test 7977	91	52	143
Test 7978	86	24	110
Test 7979	33	36	69
Test 7980	71	72	143
Test 7981	51	63	114
Test 7982	69	38	107
Test 7983	73	40	113
Test 7984	28	68	96
Test 7985	45	78	123
Test 7986	40	8	48
Test 7987	20	81	101
Test 7988	84	54	138
Test 7989	0	16	16
Test 7990	96	40	136
Test 7991	85	79	164
Test 7992	57	19	76
Test 7993	90	6	96
Test 7994	35	89	124
Test 7995	23	43	66
Test 7996	9	88	97
Test 7997	59	80	139
Test 7998	44	56	100
Test 7999	88	31	119
Test 8000	23	49	72
Test 8001	96	68	164
Test 8002	82	12	94
Test 8003	59	11	70
Test 8004	73	73	146
Test 8005	79	25	104
Test 8006	42	81	123
Test 8007	90	62	152
Test 8008	34	90	124
Test 8009	30	6	36
Test 8010	34	18	52
Test 8011	79	40	119
Test 8012	93	67	160
Test 8013	63	32	95
Test 8014	93	93	186
Test 8015	44	66	110
Test 8016	68	70	138
Test 8017	96	86	182
Test 8018	75	83	158
Test 8019	96	84	180
Test 8020	64	9	73
Test 8021	29	20	49
Test 8022	34	33	67
Test 8023	83	46	129
Test 8024	20	93	113
Test 8025	63	8	71
Test 8026	29	91	120
Test 8027	65	58	123
Test 8028	58	53	111
Test 8029	46	9	55
Test 8030	0	44	44
Test 8031	40	41	81
Test 8032	33	10	43
Test 8033	86	75	161
Test 8034	30	48	78
Test 8035	17	5	22
Test 8036	39	28	67
Test 8037	50	56	106
Test 8038	12	89	101
Test 8039	48	42	90
Test 8040	60	0	60
Test 8041	25	68	93
Test 8042	78	60	138
Test 8043	26	1	27
Test 8044	33	67	100
Test 8045	74	47	121
Test 8046	66	94	160
Test 8047	28	98	126
Test 8048	72	35	107
Test 8049	30	29	59
Test 8050	73	56	129
Test 8051	56	34	90
Test 8052	93	61	154
Test 8053	48	47	95
Test 8054	87	75	162
Test 8055	3	96	99
Test 8056	2	77	79
Test 8057	13	64	77
Test 8058	99	5	104
Test 8059	4	52	56
Test 8060	34	31	65
Test 8061	35	40	75
Test 8062	76	61	137
Test 8063	99	80	179
Test 8064	73	22	95
Test 8065	62	11	73
Test 8066	9	58	67
Test 8067	53	43	96
Test 8068	51	28	79
Test 8069	30	17	47
Test 8070	63	17	80
Test 8071	14	42	56
Test 8072	87	20	107
Test 8073	53	31	84
Test 8074	19	45	64
Test 8075	92	3	95
Test 8076	41	4	45
Test 8077	37	70	107
Test 8078	43	11	54
Test 8079	76	97	173
Test 8080	41	6	47
Test 8081	52	21	73
Test 8082	22	64	86
Test 8083	66	18	84
Test 8084	78	2	80
Test 8085	77	25	102
Test 8086	60	9	69
Test 8087	20	13	33
Test 8088	6	33	39
Test 8089	35	60	95
Test 8090	80	65	145
Test 8091	69	41	110
Test 8092	23	79	102
Test 8093	27	17	44
Test 8094	66	77	143
Test 8095	44	85	129
Test 8096	95	98	193
Test 8097	54	36	90
Test 8098	50	31	81
Test 8099	91	57	148
Test 8100	66	48	114
Test 8101	63	76	139
Test 8102	71	13	84
Test 8103	36	51	87
Test 8104	87	94	181
Test 8105	35	7	42
Test 8106	51	76	127
Test 8107	70	65	135
Test 8108	36	92	128
Test 8109	72	94	166
Test 8110	56	59	115
Test 8111	78	94	172
Test 8112	6	27	33
Test 8113	78	2	80
Test 8114	91	33	124
Test 8115	39	12	51
Test 8116	18	10	28
Test 8117	61	86	147
Test 8118	20	53	73
Test 8119	68	86	154
Test 8120	50	86	136
Test 8121	1	67	68
Test 8122	92	98	190
Test 8123	34	68	102
Test 8124	66	83	149
Test 8125	55	57	112
Test 8126	79	25	104
Test 8127	17	59	76
Test 8128	33	56	89
Test 8129	44	4	48
Test 8130	94	53	147
Test 8131	27	22	49
Test 8132	5	70	75
Test 8133	91	51	142
Test 8134	51	48	99
Test 8135	9	13	22
Test 8136	88	9	97
Test 8137	32	61	93
Test 8138	27	83	110
Test 8139	93	36	129
Test 8140	55	76	131
Test 8141	31	37	68
Test 8142	69	91	160
Test 8143	37	98	135
Test 8144	16	14	30
Test 8145	56	78	134
Test 8146	72	58	130
Test 8147	21	94	115
Test 8148	27	50	77
Test 8149	55	59	114
Test 8150	27	44	71
Test 8151	47	24	71
Test 8152	25	48	73
Test 8153	16	85	101
Test 8154	66	50	116
Test 8155	39	21	60
Test 8156	65	11	76
Test 8157	7	55	62
Test 8158	54	8	62
Test 8159	61	95	156
Test 8160	56	7	63
Test 8161	57	14	71
Test 8162	2	0	2
Test 8163	91	75	166
Test 8164	40	97	137
Test 8165	12	14	26
Test 8166	52	73	125
Test 8167	48	57	105
Test 8168	97	37	134
Test 8169	64	73	137
Test 8170	42	66	108
Test 8171	22	26	48
Test 8172	25	95	120
Test 8173	77	52	129
Test 8174	55	19	74
Test 8175	76	19	95
Test 8176	52	47	99
Test 8177	13	89	102
Test 8178	49	97	146
Test 8179	20	72	92
Test 8180	91	99	190
Test 8181	45	95	140
Test 8182	99	18	117
Test 8183	60	88	148
Test 8184	97	67	164
Test 8185	99	21	120
Test 8186	91	38	129
Test 8187	42	68	110
Test 8188	18	98	116
Test 8189	76	9	85
Test 8190	99	30	129
Test 8191	87	12	99
Test 8192	38	58	96
Test 8193	70	96	166
Test 8194	80	42	122
Test 8195	27	60	87
Test 8196	13	90	103
Test 8197	60	30	90
Test 8198	78	7	85
Test 8199	86	41	127
Test 8200	62	98	160
Test 8201	51	26	77
Test 8202	50	54	104
Test 8203	59	52	111
Test 8204	55	77	132
Test 8205	96	72	168
Test 8206	0	53	53
Test 8207	70	26	96
Test 8208	59	96	155
Test 8209	38	4	42
Test 8210	93	92	185
Test 8211	43	43	86
Test 8212	39	90	129
Test 8213	85	10	95
Test 8214	91	7	98
Test 8215	76	49	125
Test 8216	17	8	25
Test 8217	91	87	178
Test 8218	95	30	125
Test 8219	0	20	20
Test 8220	78	44	122
Test 8221	24	74	98
Test 8222	60	53	113
Test 8223	69	25	94
Test 8224	59	51	110
Test 8225	54	12	66
Test 8226	42	81	123
Test 8227	0	97	97
Test 8228	69	25	94
Test 8229	1	10	11
Test 8230	40	52	92
Test 8231	95	24	119
Test 8232	52	50	102
Test 8233	84	17	101
Test 8234	0	5	5
Test 8235	88	17	105
Test 8236	60	54	114
Test 8237	30	69	99
Test 8238	33	75	108
Test 8239	94	27	121
Test 8240	8	62	70
Test 8241	72	37	109
Test 8242	80	17	97
Test 8243	71	73	144
Test 8244	52	89	141
Test 8245	64	57	121
Test 8246	12	67	79
Test 8247	9	80	89
Test 8248	69	50	119
Test 8249	80	23	103
Test 8250	40	49	89
Test 8251	64	23	87
Test 8252	33	48	81
Test 8253	85	42	127
Test 8254	11	76	87
Test 8255	57	32	89
Test 8256	31	14	45
Test 8257	30	91	121
Test 8258	90	5	95
Test 8259	28	78	106
Test 8260	28	82	110
Test 8261	67	99	166
Test 8262	25	29	54
Test 8263	39	68	107
Test 8264	57	2	59
Test 8265	17	93	110
Test 8266	2	13	15
Test 8267	36	10	46
Test 8268	5	7	12
Test 8269	34	50	84
Test 8270	78	29	107
Test 8271	9	69	78
Test 8272	86	49	135
Test 8273	41	93	134
Test 8274	39	48	87
Test 8275	51	9	60
Test 8276	84	92	176
Test 8277	93	24	117
Test 8278	51	24	75
Test 8279	38	62	100
Test 8280	35	17	52
Test 8281	66	50	116
Test 8282	52	97	149
Test 8283	12	66	78
Test 8284	17	63	80
Test 8285	86	37	123
Test 8286	72	44	116
Test 8287	22	37	59
Test 8288	42	51	93
Test 8289	63	77	140
Test 8290	19	79	98
Test 8291	45	84	129
Test 8292	68	54	122
Test 8293	4	82	86
Test 8294	94	39	133
Test 8295	41	56	97
Test 8296	22	56	78
Test 8297	87	16	103
Test 8298	9	54	63
Test 8299	66	34	100
Test 8300	79	29	108
Test 8301	66	70	136
Test 8302	33	45	78
Test 8303	63	70	133
Test 8304	4	58	62
Test 8305	98	31	129
Test 8306	14	66	80
Test 8307	20	5	25
Test 8308	17	50	67
Test 8309	24	54	78
Test 8310	46	52	98
Test 8311	34	17	51
Test 8312	86	26	112
Test 8313	33	41	74
Test 8314	69	14	83
Test 8315	91	25	116
Test 8316	46	74	120
Test 8317	89	52	141
Test 8318	47	78	125
Test 8319	21	86	107
Test 8320	36	43	79
Test 8321	67	20	87
Test 8322	49	52	101
Test 8323	76	32	108
Test 8324	44	87	131
Test 8325	56	21	77
Test 8326	4	55	59
Test 8327	88	43	131
Test 8328	3	65	68
Test 8329	54	44	98
Test 8330	36	50	86
Test 8331	84	50	134
Test 8332	85	22	107
Test 8333	88	67	155
Test 8334	75	75	150
Test 8335	20	71	91
Test 8336	35	12	47
Test 8337	6	62	68
Test 8338	67	71	138
Test 8339	45	83	128
Test 8340	38	17	55
Test 8341	91	89	180
Test 8342	62	74	136
Test 8343	25	75	100
Test 8344	6	69	75
Test 8345	60	20	80
Test 8346	15	53	68
Test 8347	5	21	26
Test 8348	69	2	71
Test 8349	68	91	159
Test 8350	91	33	124
Test 8351	88	36	124
Test 8352	5	87	92
Test 8353	50	73	123
Test 8354	85	90	175
Test 8355	47	45	92
Test 8356	26	36	62
Test 8357	61	9	70
Test 8358	58	29	87
Test 8359	47	25	72
Test 8360	44	29	73
Test 8361	74	50	124
Test 8362	96	59	155
Test 8363	85	63	148
Test 8364	65	12	77
Test 8365	9	35	44
Test 8366	88	69	157
Test 8367	15	16	31
Test 8368	74	96	170
Test 8369	31	66	97
Test 8370	90	34	124
Test 8371	97	14	111
Test 8372	41	21	62
Test 8373	71	47	118
Test 8374	4	84	88
Test 8375	83	51	134
Test 8376	27	7	34
Test 8377	51	90	141
Test 8378	6	81	87
Test 8379	5	13	18
Test 8380	56	38	94
Test 8381	2	58	60
Test 8382	3	77	80
Test 8383	56	45	101
Test 8384	19	49	68
Test 8385	68	26	94
Test 8386	96	36	132
Test 8387	22	44	66
Test 8388	62	53	115
Test 8389	83	58	141
Test 8390	71	36	107
Test 8391	18	43	61
Test 8392	84	7	91
Test 8393	89	54	143
Test 8394	61	92	153
Test 8395	13	15	28
Test 8396	47	91	138
Test 8397	35	9	44
Test 8398	12	65	77
Test 8399	35	59	94
Test 8400	27	28	55
Test 8401	69	32	101
Test 8402	53	67	120
Test 8403	43	25	68
Test 8404	53	68	121
Test 8405	77	10	87
Test 8406	52	0	52
Test 8407	30	63	93
Test 8408	3	2	5
Test 8409	93	78	171
Test 8410	70	13	83
Test 8411	23	8	31
Test 8412	9	93	102
Test 8413	99	48	147
Test 8414	39	98	137
Test 8415	92	91	183
Test 8416	71	50	121
Test 8417	19	61	80
Test 8418	20	95	115
Test 8419	55	70	125
Test 8420	72	1	73
Test 8421	64	5	69
Test 8422	77	31	108
Test 8423	7	99	106
Test 8424	88	52	140
Test 8425	47	84	131
Test 8426	52	54	106
Test 8427	49	14	63
Test 8428	12	84	96
Test 8429	60	81	141
Test 8430	32	11	43
Test 8431	22	88	110
Test 8432	20	58	78
Test 8433	96	32	128
Test 8434	74	22	96
Test 8435	70	32	102
Test 8436	87	60	147
Test 8437	74	53	127
Test 8438	19	37	56
Test 8439	78	63	141
Test 8440	98	69	167
Test 8441	31	13	44
Test 8442	99	61	160
Test 8443	20	4	24
Test 8444	89	80	169
Test 8445	41	83	124
Test 8446	58	37	95
Test 8447	68	12	80
Test 8448	54	74	128
Test 8449	53	35	88
Test 8450	0	46	46
Test 8451	73	27	100
Test 8452	57	85	142
Test 8453	1	47	48
Test 8454	41	38	79
Test 8455	20	8	28
Test 8456	0	82	82
Test 8457	45	68	113
Test 8458	52	9	61
Test 8459	27	84	111
Test 8460	91	45	136
Test 8461	73	39	112
Test 8462	69	4	73
Test 8463	1	79	80
Test 8464	34	86	120
Test 8465	43	6	49
Test 8466	9	10	19
Test 8467	26	95	121
Test 8468	18	46	64
Test 8469	18	85	103
Test 8470	37	8	45
Test 8471	86	96	182
Test 8472	6	49	55
Test 8473	80	23	103
Test 8474	27	12	39
Test 8475	62	45	107
Test 8476	78	20	98
Test 8477	56	61	117
Test 8478	81	42	123
Test 8479	53	71	124
Test 8480	58	98	156
Test 8481	7	80	87
Test 8482	37	71	108
Test 8483	88	55	143
Test 8484	41	17	58
Test 8485	50	98	148
Test 8486	14	66	80
Test 8487	93	70	163
Test 8488	25	64	89
Test 8489	97	41	138
Test 8490	45	70	115
Test 8491	73	41	114
Test 8492	89	67	156
Test 8493	90	34	124
Test 8494	19	63	82
Test 8495	38	81	119
Test 8496	74	8	82
Test 8497	96	88	184
Test 8498	75	51	126
Test 8499	91	4	95
Test 8500	88	95	183
Test 8501	22	23	45
Test 8502	69	50	119
Test 8503	49	89	138
Test 8504	95	14	109
Test 8505	53	59	112
Test 8506	25	34	59
Test 8507	23	20	43
Test 8508	61	68	129
Test 8509	14	33	47
Test 8510	89	51	140
Test 8511	28	49	77
Test 8512	92	53	145
Test 8513	70	39	109
Test 8514	76	19	95
Test 8515	24	18	42
Test 8516	38	99	137
Test 8517	54	78	132
Test 8518	3	42	45
Test 8519	33	66	99
Test 8520	34	31	65
Test 8521	31	83	114
Test 8522	74	15	89
Test 8523	66	95	161
Test 8524	24	33	57
Test 8525	16	69	85
Test 8526	3	22	25
Test 8527	15	15	30
Test 8528	44	85	129
Test 8529	19	44	63
Test 8530	94	44	138
Test 8531	73	83	156
Test 8532	27	97	124
Test 8533	45	88	133
Test 8534	38	72	110
Test 8535	7	60	67
Test 8536	70	92	162
Test 8537	19	46	65
Test 8538	34	2	36
Test 8539	12	66	78
Test 8540	36	73	109
Test 8541	50	6	56
Test 8542	35	98	133
Test 8543	29	64	93
Test 8544	39	6	45
Test 8545	68	20	88
Test 8546	7	88	95
Test 8547	77	31	108
Test 8548	38	36	74
Test 8549	94	12	106
Test 8550	66	75	141
Test 8551	95	83	178
Test 8552	92	19	111
Test 8553	0	82	82
Test 8554	36	30	66
Test 8555	28	74	102
Test 8556	5	77	82
Test 8557	27	12	39
Test 8558	41	47	88
Test 8559	39	2	41
Test 8560	70	39	109
Test 8561	3	42	45
Test 8562	60	65	125
Test 8563	30	20	50
Test 8564	13	83	96
Test 8565	10	22	32
Test 8566	95	31	126
Test 8567	81	52	133
Test 8568	72	20	92
Test 8569	81	57	138
Test 8570	8	53	61
Test 8571	19	15	34
Test 8572	46	53	99
Test 8573	10	72	82
Test 8574	88	43	131
Test 8575	14	7	21
Test 8576	22	65	87
Test 8577	78	74	152
Test 8578	1	37	38
Test 8579	1	0	1
Test 8580	21	72	93
Test 8581	68	74	142
Test 8582	38	47	85
Test 8583	81	60	141
Test 8584	16	33	49
Test 8585	33	20	53
Test 8586	90	71	161
Test 8587	40	78	118
Test 8588	25	77	102
Test 8589	81	40	121
Test 8590	64	83	147
Test 8591	67	21	88
Test 8592	26	77	103
Test 8593	46	44	90
Test 8594	36	87	123
Test 8595	9	31	40
Test 8596	42	73	115
Test 8597	42	42	84
Test 8598	96	34	130
Test 8599	33	94	127
Test 8600	89	17	106
Test 8601	83	12	95
Test 8602	96	61	157
Test 8603	98	52	150
Test 8604	38	2	40
Test 8605	21	57	78
Test 8606	95	31	126
Test 8607	55	14	69
Test 8608	11	18	29
Test 8609	66	4	70
Test 8610	67	17	84
Test 8611	7	93	100
Test 8612	3	51	54
Test 8613	93	39	132
Test 8614	77	20	97
Test 8615	60	63	123
Test 8616	55	35	90
Test 8617	1	86	87
Test 8618	96	59	155
Test 8619	78	51	129
Test 8620	80	75	155
Test 8621	50	0	50
Test 8622	36	20	56
Test 8623	64	86	150
Test 8624	5	31	36
Test 8625	46	27	73
Test 8626	69	29	98
Test 8627	22	37	59
Test 8628	36	56	92
Test 8629	34	3	37
Test 8630	17	59	76
Test 8631	51	85	136
Test 8632	5	90	95
Test 8633	44	0	44
Test 8634	37	45	82
Test 8635	63	6	69
Test 8636	45	19	64
Test 8637	90	2	92
Test 8638	75	72	147
Test 8639	53	52	105
Test 8640	39	86	125
Test 8641	47	94	141
Test 8642	31	33	64
Test 8643	4	35	39
Test 8644	91	2	93
Test 8645	37	69	106
Test 8646	35	77	112
Test 8647	18	79	97
Test 8648	93	58	151
Test 8649	6	10	16
Test 8650	80	90	170
Test 8651	77	82	159
Test 8652	17	18	35
Test 8653	81	1	82
Test 8654	11	87	98
Test 8655	80	51	131
Test 8656	96	31	127
Test 8657	30	21	51
Test 8658	40	30	70
Test 8659	38	70	108
Test 8660	64	79	143
Test 8661	36	1	37
Test 8662	86	10	96
Test 8663	63	9	72
Test 8664	62	61	123
Test 8665	10	33	43
Test 8666	88	93	181
Test 8667	18	61	79
Test 8668	94	65	159
Test 8669	24	63	87
Test 8670	38	45	83
Test 8671	83	43	126
Test 8672	59	8	67
Test 8673	71	65	136
Test 8674	43	29	72
Test 8675	53	26	79
Test 8676	81	50	131
Test 8677	64	21	85
Test 8678	56	84	140
Test 8679	31	43	74
Test 8680	80	48	128
Test 8681	8	26	34
Test 8682	20	83	103
Test 8683	22	37	59
Test 8684	3	24	27
Test 8685	78	30	108
Test 8686	10	73	83
Test 8687	55	36	91
Test 8688	5	0	5
Test 8689	3	81	84
Test 8690	30	40	70
Test 8691	3	11	14
Test 8692	99	80	179
Test 8693	75	89	164
Test 8694	45	88	133
Test 8695	69	63	132
Test 8696	58	14	72
Test 8697	36	18	54
Test 8698	76	17	93
Test 8699	8	96	104
Test 8700	43	41	84
Test 8701	78	41	119
Test 8702	17	33	50
Test 8703	59	95	154
Test 8704	10	46	56
Test 8705	40	55	95
Test 8706	11	95	106
Test 8707	47	88	135
Test 8708	66	54	120
Test 8709	19	83	102
Test 8710	1	79	80
Test 8711	65	83	148
Test 8712	89	23	112
Test 8713	62	62	124
Test 8714	58	38	96
Test 8715	59	1	60
Test 8716	24	76	100
Test 8717	14	87	101
Test 8718	27	70	97
Test 8719	49	84	133
Test 8720	84	75	159
Test 8721	22	80	102
Test 8722	13	47	60
Test 8723	87	41	128
Test 8724	92	28	120
Test 8725	90	27	117
Test 8726	35	93	128
Test 8727	3	24	27
Test 8728	60	75	135
Test 8729	93	53	146
Test 8730	71	30	101
Test 8731	90	51	141
Test 8732	35	90	125
Test 8733	25	31	56
Test 8734	46	80	126
Test 8735	26	81	107
Test 8736	22	22	44
Test 8737	41	24	65
Test 8738	58	2	60
Test 8739	23	35	58
Test 8740	81	65	146
Test 8741	27	28	55
Test 8742	91	81	172
Test 8743	93	94	187
Test 8744	93	68	161
Test 8745	86	48	134
Test 8746	42	33	75
Test 8747	36	61	97
Test 8748	3	39	42
Test 8749	61	58	119
Test 8750	53	41	94
Test 8751	97	39	136
Test 8752	95	53	148
Test 8753	94	25	119
Test 8754	77	22	99
Test 8755	53	26	79
Test 8756	77	4	81
Test 8757	98	51	149
Test 8758	2	49	51
Test 8759	19	29	48
Test 8760	50	13	63
Test 8761	99	58	157
Test 8762	87	53	140
Test 8763	41	10	51
Test 8764	84	33	117
Test 8765	54	2	56
Test 8766	40	66	106
Test 8767	77	19	96
Test 8768	38	74	112
Test 8769	10	86	96
Test 8770	99	64	163
Test 8771	93	61	154
Test 8772	65	17	82
Test 8773	24	3	27
Test 8774	84	31	115
Test 8775	53	35	88
Test 8776	73	43	116
Test 8777	60	52	112
Test 8778	86	37	123
Test 8779	65	4	69
Test 8780	46	2	48
Test 8781	54	96	150
Test 8782	34	13	47
Test 8783	87	53	140
Test 8784	97	58	155
Test 8785	5	1	6
Test 8786	69	92	161
Test 8787	50	24	74
Test 8788	94	95	189
Test 8789	90	68	158
Test 8790	36	55	91
Test 8791	1	90	91
Test 8792	91	67	158
Test 8793	73	19	92
Test 8794	9	39	48
Test 8795	83	16	99
Test 8796	82	19	101
Test 8797	88	99	187
Test 8798	20	20	40
Test 8799	96	96	192
Test 8800	61	40	101
Test 8801	18	66	84
Test 8802	53	20	73
Test 8803	1	71	72
Test 8804	50	30	80
Test 8805	4	34	38
Test 8806	67	52	119
Test 8807	10	52	62
Test 8808	48	28	76
Test 8809	39	48	87
Test 8810	55	50	105
Test 8811	12	40	52
Test 8812	13	43	56
Test 8813	71	44	115
Test 8814	48	99	147
Test 8815	63	7	70
Test 8816	57	41	98
Test 8817	67	39	106
Test 8818	64	35	99
Test 8819	36	18	54
Test 8820	46	18	64
Test 8821	38	81	119
Test 8822	30	56	86
Test 8823	0	24	24
Test 8824	18	98	116
Test 8825	19	65	84
Test 8826	40	27	67
Test 8827	29	14	43
Test 8828	31	7	38
Test 8829	38	69	107
Test 8830	47	49	96
Test 8831	21	6	27
Test 8832	30	62	92
Test 8833	86	76	162
Test 8834	73	44	117
Test 8835	5	15	20
Test 8836	75	56	131
Test 8837	5	61	66
Test 8838	84	41	125
Test 8839	63	25	88
Test 8840	28	83	111
Test 8841	1	94	95
Test 8842	87	71	158
Test 8843	11	61	72
Test 8844	16	27	43
Test 8845	44	67	111
Test 8846	10	38	48
Test 8847	58	74	132
Test 8848	86	97	183
Test 8849	91	11	102
Test 8850	55	4	59
Test 8851	23	70	93
Test 8852	71	70	141
Test 8853	40	34	74
Test 8854	64	50	114
Test 8855	92	18	110
Test 8856	62	63	125
Test 8857	27	65	92
Test 8858	81	21	102
Test 8859	66	7	73
Test 8860	5	67	72
Test 8861	67	16	83
Test 8862	94	94	188
Test 8863	42	19	61
Test 8864	19	25	44
Test 8865	18	24	42
Test 8866	2	80	82
Test 8867	85	64	149
Test 8868	29	31	60
Test 8869	4	98	102
Test 8870	79	74	153
Test 8871	65	43	108
Test 8872	94	39	133
Test 8873	10	52	62
Test 8874	21	86	107
Test 8875	0	7	7
Test 8876	36	16	52
Test 8877	92	27	119
Test 8878	96	69	165
Test 8879	46	92	138
Test 8880	2	13	15
Test 8881	91	45	136
Test 8882	80	75	155
Test 8883	42	8	50
Test 8884	47	0	47
Test 8885	87	79	166
Test 8886	15	6	21
Test 8887	66	12	78
Test 8888	85	21	106
Test 8889	12	56	68
Test 8890	29	95	124
Test 8891	53	50	103
Test 8892	32	18	50
Test 8893	90	76	166
Test 8894	33	12	45
Test 8895	14	69	83
Test 8896	61	9	70
Test 8897	67	44	111
Test 8898	55	0	55
Test 8899	76	1	77
Test 8900	13	66	79
Test 8901	50	12	62
Test 8902	71	52	123
Test 8903	67	1	68
Test 8904	9	13	22
Test 8905	16	19	35
Test 8906	66	87	153
Test 8907	88	74	162
Test 8908	72	19	91
Test 8909	81	61	142
Test 8910	3	18	21
Test 8911	24	73	97
Test 8912	13	36	49
Test 8913	6	68	74
Test 8914	59	14	73
Test 8915	45	26	71
Test 8916	19	10	29
Test 8917	50	78	128
Test 8918	93	19	112
Test 8919	34	9	43
Test 8920	52	55	107
Test 8921	60	87	147
Test 8922	2	17	19
Test 8923	46	61	107
Test 8924	98	73	171
Test 8925	96	22	118
Test 8926	53	81	134
Test 8927	98	74	172
Test 8928	93	76	169
Test 8929	21	51	72
Test 8930	26	92	118
Test 8931	26	44	70
Test 8932	27	59	86
Test 8933	14	39	53
Test 8934	50	58	108
Test 8935	1	19	20
Test 8936	39	45	84
Test 8937	65	92	157
Test 8938	89	8	97
Test 8939	44	39	83
Test 8940	9	53	62
Test 8941	10	6	16
Test 8942	23	23	46
Test 8943	10	26	36
Test 8944	33	68	101
Test 8945	50	77	127
Test 8946	67	79	146
Test 8947	23	25	48
Test 8948	51	74	125
Test 8949	94	22	116
Test 8950	99	83	182
Test 8951	68	12	80
Test 8952	24	27	51
Test 8953	18	98	116
Test 8954	91	6	97
Test 8955	53	61	114
Test 8956	87	26	113
Test 8957	92	88	180
Test 8958	1	33	34
Test 8959	32	76	108
Test 8960	38	77	115
Test 8961	12	22	34
Test 8962	19	65	84
Test 8963	78	87	165
Test 8964	92	25	117
Test 8965	69	11	80
Test 8966	98	46	144
Test 8967	67	96	163
Test 8968	16	63	79
Test 8969	54	55	109
Test 8970	23	96	119
Test 8971	8	5	13
Test 8972	17	37	54
Test 8973	14	33	47
Test 8974	48	74	122
Test 8975	82	16	98
Test 8976	14	91	105
Test 8977	85	32	117
Test 8978	28	41	69
Test 8979	46	63	109
Test 8980	1	92	93
Test 8981	25	76	101
Test 8982	10	92	102
Test 8983	55	82	137
Test 8984	72	55	127
Test 8985	94	19	113
Test 8986	35	10	45
Test 8987	6	35	41
Test 8988	35	53	88
Test 8989	78	24	102
Test 8990	46	9	55
Test 8991	18	7	25
Test 8992	95	84	179
Test 8993	60	0	60
Test 8994	7	86	93
Test 8995	74	74	148
Test 8996	82	64	146
Test 8997	91	17	108
Test 8998	42	56	98
Test 8999	65	77	142
Test 9000	14	72	86
Test 9001	87	88	175
Test 9002	11	99	110
Test 9003	31	86	117
Test 9004	70	12	82
Test 9005	5	16	21
Test 9006	1	85	86
Test 9007	23	40	63
Test 9008	12	8	20
Test 9009	25	69	94
Test 9010	33	28	61
Test 9011	39	41	80
Test 9012	26	60	86
Test 9013	48	50	98
Test 9014	92	62	154
Test 9015	91	24	115
Test 9016	24	11	35
Test 9017	92	92	184
Test 9018	20	5	25
Test 9019	67	21	88
Test 9020	15	43	58
Test 9021	42	73	115
Test 9022	75	42	117
Test 9023	41	80	121
Test 9024	69	48	117
Test 9025	28	29	57
Test 9026	12	39	51
Test 9027	95	90	185
Test 9028	92	44	136
Test 9029	88	90	178
Test 9030	20	47	67
Test 9031	37	56	93
Test 9032	56	70	126
Test 9033	77	6	83
Test 9034	66	82	148
Test 9035	40	1	41
Test 9036	91	80	171
Test 9037	28	19	47
Test 9038	83	84	167
Test 9039	6	34	40
Test 9040	67	13	80
Test 9041	58	50	108
Test 9042	86	1	87
Test 9043	76	6	82
Test 9044	7	69	76
Test 9045	60	98	158
Test 9046	30	88	118
Test 9047	87	99	186
Test 9048	30	52	82
Test 9049	63	19	82
Test 9050	6	29	35
Test 9051	50	26	76
Test 9052	43	53	96
Test 9053	81	73	154
Test 9054	4	63	67
Test 9055	15	9	24
Test 9056	19	83	102
Test 9057	15	5	20
Test 9058	10	9	19
Test 9059	12	79	91
Test 9060	27	10	37
Test 9061	53	10	63
Test 9062	80	63	143
Test 9063	45	93	138
Test 9064	43	84	127
Test 9065	64	20	84
Test 9066	59	67	126
Test 9067	25	1	26
Test 9068	25	73	98
Test 9069	43	10	53
Test 9070	61	35	96
Test 9071	99	99	198
Test 9072	23	91	114
Test 9073	95	26	121
Test 9074	70	48	118
Test 9075	98	90	188
Test 9076	3	29	32
Test 9077	69	36	105
Test 9078	93	11	104
Test 9079	1	57	58
Test 9080	57	68	125
Test 9081	91	42	133
Test 9082	79	30	109
Test 9083	73	61	134
Test 9084	16	88	104
Test 9085	47	86	133
Test 9086	21	29	50
Test 9087	42	47	89
Test 9088	29	71	100
Test 9089	64	56	120
Test 9090	67	94	161
Test 9091	72	97	169
Test 9092	18	25	43
Test 9093	40	42	82
Test 9094	5	20	25
Test 9095	64	68	132
Test 9096	10	37	47
Test 9097	51	25	76
Test 9098	32	99	131
Test 9099	53	24	77
Test 9100	32	43	75
Test 9101	39	5	44
Test 9102	62	81	143
Test 9103	89	55	144
Test 9104	56	33	89
Test 9105	46	31	77
Test 9106	45	7	52
Test 9107	57	61	118
Test 9108	25	19	44
Test 9109	28	93	121
Test 9110	14	24	38
Test 9111	9	98	107
Test 9112	2	60	62
Test 9113	97	37	134
Test 9114	23	49	72
Test 9115	38	6	44
Test 9116	64	4	68
Test 9117	22	47	69
Test 9118	54	85	139
Test 9119	9	53	62
Test 9120	9	1	10
Test 9121	1	54	55
Test 9122	92	36	128
Test 9123	3	70	73
Test 9124	57	25	82
Test 9125	69	92	161
Test 9126	59	19	78
Test 9127	10	49	59
Test 9128	5	36	41
Test 9129	82	11	93
Test 9130	37	40	77
Test 9131	9	64	73
Test 9132	10	85	95
Test 9133	62	30	92
Test 9134	10	12	22
Test 9135	42	23	65
Test 9136	41	85	126
Test 9137	20	3	23
Test 9138	67	14	81
Test 9139	92	5	97
Test 9140	40	56	96
Test 9141	4	73	77
Test 9142	3	94	97
Test 9143	79	57	136
Test 9144	42	44	86
Test 9145	68	41	109
Test 9146	23	20	43
Test 9147	28	98	126
Test 9148	39	41	80
Test 9149	10	44	54
Test 9150	58	41	99
Test 9151	4	85	89
Test 9152	19	19	38
Test 9153	99	37	136
Test 9154	20	80	100
Test 9155	49	99	148
Test 9156	70	11	81
Test 9157	52	92	144
Test 9158	56	81	137
Test 9159	86	91	177
Test 9160	96	85	181
Test 9161	30	99	129
Test 9162	98	79	177
Test 9163	55	80	135
Test 9164	41	71	112
Test 9165	81	12	93
Test 9166	74	59	133
Test 9167	79	27	106
Test 9168	36	18	54
Test 9169	47	24	71
Test 9170	27	74	101
Test 9171	16	41	57
Test 9172	0	0	0
Test 9173	69	64	133
Test 9174	83	14	97
Test 9175	90	16	106
Test 9176	93	74	167
Test 9177	18	1	19
Test 9178	90	0	90
Test 9179	35	46	81
Test 9180	20	74	94
Test 9181	62	22	84
Test 9182	36	79	115
Test 9183	59	14	73
Test 9184	20	17	37
Test 9185	61	71	132
Test 9186	19	64	83
Test 9187	26	74	100
Test 9188	95	56	151
Test 9189	49	9	58
Test 9190	64	14	78
Test 9191	54	60	114
Test 9192	0	27	27
Test 9193	17	3	20
Test 9194	99	76	175
Test 9195	26	14	40
Test 9196	61	23	84
Test 9197	67	92	159
Test 9198	47	15	62
Test 9199	83	23	106
Test 9200	95	22	117
Test 9201	33	87	120
Test 9202	28	56	84
Test 9203	42	41	83
Test 9204	89	73	162
Test 9205	13	45	58
Test 9206	43	76	119
Test 9207	65	36	101
Test 9208	10	96	106
Test 9209	62	47	109
Test 9210	8	19	27
Test 9211	10	65	75
Test 9212	47	95	142
Test 9213	22	6	28
Test 9214	75	87	162
Test 9215	15	69	84
Test 9216	41	40	81
Test 9217	35	29	64
Test 9218	23	23	46
Test 9219	4	19	23
Test 9220	9	41	50
Test 9221	40	79	119
Test 9222	20	95	115
Test 9223	36	78	114
Test 9224	39	4	43
Test 9225	55	21	76
Test 9226	98	29	127
Test 9227	36	46	82
Test 9228	54	7	61
Test 9229	2	70	72
Test 9230	55	76	131
Test 9231	25	53	78
Test 9232	2	27	29
Test 9233	29	94	123
Test 9234	73	20	93
Test 9235	27	99	126
Test 9236	6	6	12
Test 9237	84	46	130
Test 9238	33	74	107
Test 9239	28	22	50
Test 9240	3	23	26
Test 9241	29	92	121
Test 9242	18	64	82
Test 9243	42	44	86
Test 9244	81	19	100
Test 9245	96	56	152
Test 9246	17	12	29
Test 9247	13	0	13
Test 9248	88	14	102
Test 9249	52	94	146
Test 9250	86	25	111
Test 9251	17	63	80
Test 9252	56	20	76
Test 9253	34	62	96
Test 9254	85	88	173
Test 9255	35	1	36
Test 9256	18	51	69
Test 9257	20	38	58
Test 9258	65	62	127
Test 9259	21	72	93
Test 9260	75	42	117
Test 9261	18	62	80
Test 9262	77	11	88
Test 9263	23	24	47
Test 9264	35	49	84
Test 9265	34	70	104
Test 9266	86	59	145
Test 9267	39	4	43
Test 9268	61	20	81
Test 9269	59	9	68
Test 9270	65	26	91
Test 9271	97	1	98
Test 9272	74	38	112
Test 9273	87	57	144
Test 9274	10	75	85
Test 9275	57	34	91
Test 9276	84	9	93
Test 9277	52	47	99
Test 9278	46	43	89
Test 9279	13	73	86
Test 9280	57	12	69
Test 9281	86	94	180
Test 9282	65	32	97
Test 9283	94	36	130
Test 9284	20	1	21
Test 9285	95	33	128
Test 9286	9	80	89
Test 9287	83	11	94
Test 9288	32	6	38
Test 9289	39	73	112
Test 9290	42	43	85
Test 9291	5	0	5
Test 9292	98	52	150
Test 9293	49	98	147
Test 9294	7	56	63
Test 9295	15	12	27
Test 9296	50	58	108
Test 9297	19	7	26
Test 9298	60	72	132
Test 9299	55	53	108
Test 9300	7	15	22
Test 9301	25	88	113
Test 9302	53	25	78
Test 9303	89	41	130
Test 9304	94	21	115
Test 9305	4	20	24
Test 9306	52	81	133
Test 9307	45	57	102
Test 9308	30	39	69
Test 9309	41	67	108
Test 9310	9	19	28
Test 9311	37	83	120
Test 9312	93	29	122
Test 9313	42	51	93
Test 9314	27	81	108
Test 9315	14	83	97
Test 9316	12	60	72
Test 9317	91	81	172
Test 9318	33	39	72
Test 9319	15	41	56
Test 9320	98	53	151
Test 9321	13	32	45
Test 9322	34	21	55
Test 9323	81	77	158
Test 9324	81	26	107
Test 9325	22	32	54
Test 9326	28	33	61
Test 9327	71	93	164
Test 9328	97	80	177
Test 9329	77	32	109
Test 9330	21	65	86
Test 9331	81	79	160
Test 9332	90	1	91
Test 9333	2	70	72
Test 9334	71	16	87
Test 9335	56	79	135
Test 9336	88	98	186
Test 9337	24	91	115
Test 9338	39	47	86
Test 9339	10	50	60
Test 9340	38	63	101
Test 9341	41	44	85
Test 9342	49	55	104
Test 9343	33	96	129
Test 9344	56	95	151
Test 9345	68	71	139
Test 9346	80	99	179
Test 9347	94	15	109
Test 9348	81	78	159
Test 9349	78	54	132
Test 9350	11	11	22
Test 9351	68	23	91
Test 9352	6	82	88
Test 9353	59	0	59
Test 9354	24	96	120
Test 9355	33	44	77
Test 9356	66	14	80
Test 9357	61	83	144
Test 9358	14	92	106
Test 9359	16	93	109
Test 9360	48	8	56
Test 9361	98	0	98
Test 9362	23	67	90
Test 9363	93	13	106
Test 9364	26	44	70
Test 9365	81	23	104
Test 9366	39	93	132
Test 9367	49	85	134
Test 9368	57	23	80
Test 9369	79	9	88
Test 9370	72	54	126
Test 9371	48	25	73
Test 9372	28	30	58
Test 9373	31	5	36
Test 9374	81	5	86
Test 9375	68	20	88
Test 9376	26	7	33
Test 9377	95	40	135
Test 9378	33	31	64
Test 9379	92	77	169
Test 9380	60	98	158
Test 9381	97	6	103
Test 9382	55	22	77
Test 9383	1	63	64
Test 9384	1	82	83
Test 9385	77	54	131
Test 9386	5	8	13
Test 9387	72	6	78
Test 9388	99	43	142
Test 9389	24	1	25
Test 9390	64	84	148
Test 9391	88	70	158
Test 9392	68	55	123
Test 9393	64	15	79
Test 9394	71	80	151
Test 9395	15	61	76
Test 9396	3	38	41
Test 9397	89	63	152
Test 9398	30	28	58
Test 9399	0	47	47
Test 9400	18	72	90
Test 9401	12	67	79
Test 9402	56	4	60
Test 9403	50	58	108
Test 9404	8	8	16
Test 9405	87	45	132
Test 9406	76	39	115
Test 9407	45	91	136
Test 9408	22	85	107
Test 9409	93	60	153
Test 9410	71	5	76
Test 9411	41	39	80
Test 9412	25	14	39
Test 9413	7	89	96
Test 9414	9	24	33
Test 9415	47	32	79
Test 9416	91	52	143
Test 9417	48	92	140
Test 9418	47	53	100
Test 9419	97	39	136
Test 9420	75	62	137
Test 9421	60	55	115
Test 9422	52	51	103
Test 9423	15	18	33
Test 9424	96	20	116
Test 9425	84	66	150
Test 9426	62	54	116
Test 9427	5	13	18
Test 9428	9	5	14
Test 9429	78	55	133
Test 9430	9	17	26
Test 9431	35	81	116
Test 9432	73	76	149
Test 9433	42	65	107
Test 9434	23	47	70
Test 9435	22	1	23
Test 9436	79	39	118
Test 9437	3	37	40
Test 9438	80	50	130
Test 9439	46	91	137
Test 9440	53	57	110
Test 9441	66	5	71
Test 9442	69	14	83
Test 9443	8	20	28
Test 9444	87	84	171
Test 9445	35	60	95
Test 9446	49	53	102
Test 9447	85	98	183
Test 9448	71	41	112
Test 9449	45	6	51
Test 9450	85	23	108
Test 9451	86	8	94
Test 9452	11	2	13
Test 9453	95	50	145
Test 9454	6	46	52
Test 9455	24	94	118
Test 9456	55	86	141
Test 9457	32	3	35
Test 9458	53	76	129
Test 9459	82	77	159
Test 9460	81	19	100
Test 9461	42	29	71
Test 9462	89	59	148
Test 9463	9	63	72
Test 9464	4	72	76
Test 9465	38	80	118
Test 9466	87	33	120
Test 9467	43	25	68
Test 9468	70	22	92
Test 9469	39	53	92
Test 9470	53	87	140
Test 9471	95	91	186
Test 9472	95	66	161
Test 9473	56	97	153
Test 9474	19	23	42
Test 9475	71	30	101
Test 9476	7	60	67
Test 9477	53	12	65
Test 9478	98	18	116
Test 9479	36	65	101
Test 9480	86	16	102
Test 9481	84	60	144
Test 9482	31	71	102
Test 9483	12	28	40
Test 9484	39	78	117
Test 9485	40	67	107
Test 9486	11	76	87
Test 9487	64	75	139
Test 9488	94	39	133
Test 9489	30	26	56
Test 9490	61	0	61
Test 9491	65	35	100
Test 9492	89	54	143
Test 9493	59	32	91
Test 9494	19	50	69
Test 9495	66	95	161
Test 9496	85	75	160
Test 9497	26	65	91
Test 9498	19	93	112
Test 9499	37	79	116
Test 9500	97	13	110
Test 9501	91	22	113
Test 9502	39	9	48
Test 9503	55	17	72
Test 9504	84	3	87
Test 9505	87	16	103
Test 9506	88	10	98
Test 9507	37	42	79
Test 9508	35	54	89
Test 9509	82	35	117
Test 9510	81	14	95
Test 9511	88	51	139
Test 9512	2	44	46
Test 9513	88	3	91
Test 9514	12	5	17
Test 9515	77	29	106
Test 9516	26	99	125
Test 9517	26	25	51
Test 9518	41	74	115
Test 9519	63	33	96
Test 9520	45	14	59
Test 9521	44	2	46
Test 9522	75	91	166
Test 9523	49	22	71
Test 9524	28	56	84
Test 9525	52	93	145
Test 9526	93	17	110
Test 9527	25	87	112
Test 9528	29	86	115
Test 9529	25	78	103
Test 9530	42	40	82
Test 9531	77	79	156
Test 9532	44	61	105
Test 9533	89	4	93
Test 9534	54	69	123
Test 9535	44	40	84
Test 9536	43	64	107
Test 9537	26	30	56
Test 9538	1	19	20
Test 9539	61	84	145
Test 9540	73	23	96
Test 9541	22	99	121
Test 9542	93	58	151
Test 9543	44	85	129
Test 9544	22	13	35
Test 9545	82	11	93
Test 9546	32	0	32
Test 9547	79	66	145
Test 9548	26	13	39
Test 9549	62	75	137
Test 9550	9	88	97
Test 9551	11	42	53
Test 9552	11	67	78
Test 9553	11	11	22
Test 9554	7	94	101
Test 9555	97	39	136
Test 9556	55	45	100
Test 9557	82	24	106
Test 9558	82	60	142
Test 9559	92	67	159
Test 9560	56	12	68
Test 9561	97	26	123
Test 9562	65	96	161
Test 9563	9	22	31
Test 9564	72	56	128
Test 9565	16	91	107
Test 9566	2	18	20
Test 9567	71	95	166
Test 9568	33	35	68
Test 9569	64	48	112
Test 9570	46	47	93
Test 9571	17	59	76
Test 9572	66	81	147
Test 9573	1	64	65
Test 9574	99	53	152
Test 9575	96	29	125
Test 9576	4	66	70
Test 9577	11	44	55
Test 9578	64	41	105
Test 9579	2	40	42
Test 9580	43	75	118
Test 9581	18	10	28
Test 9582	44	5	49
Test 9583	59	8	67
Test 9584	76	64	140
Test 9585	85	13	98
Test 9586	54	36	90
Test 9587	59	80	139
Test 9588	34	36	70
Test 9589	65	41	106
Test 9590	98	32	130
Test 9591	92	17	109
Test 9592	83	24	107
Test 9593	29	44	73
Test 9594	26	50	76
Test 9595	5	25	30
Test 9596	54	14	68
Test 9597	58	40	98
Test 9598	17	37	54
Test 9599	12	20	32
Test 9600	22	98	120
Test 9601	38	3	41
Test 9602	6	56	62
Test 9603	71	93	164
Test 9604	18	30	48
Test 9605	55	10	65
Test 9606	55	76	131
Test 9607	19	25	44
Test 9608	28	69	97
Test 9609	83	34	117
Test 9610	58	89	147
Test 9611	24	50	74
Test 9612	33	38	71
Test 9613	38	11	49
Test 9614	3	91	94
Test 9615	51	18	69
Test 9616	45	12	57
Test 9617	14	41	55
Test 9618	0	44	44
Test 9619	18	92	110
Test 9620	16	87	103
Test 9621	9	6	15
Test 9622	77	37	114
Test 9623	35	33	68
Test 9624	42	31	73
Test 9625	44	89	133
Test 9626	72	31	103
Test 9627	39	89	128
Test 9628	32	79	111
Test 9629	75	21	96
Test 9630	31	95	126
Test 9631	94	25	119
Test 9632	89	67	156
Test 9633	61	57	118
Test 9634	18	1	19
Test 9635	90	0	90
Test 9636	29	27	56
Test 9637	30	0	30
Test 9638	52	89	141
Test 9639	1	69	70
Test 9640	67	98	165
Test 9641	40	97	137
Test 9642	82	68	150
Test 9643	64	68	132
Test 9644	19	70	89
Test 9645	70	7	77
Test 9646	89	61	150
Test 9647	79	26	105
Test 9648	0	93	93
Test 9649	43	17	60
Test 9650	28	95	123
Test 9651	63	56	119
Test 9652	42	75	117
Test 9653	80	1	81
Test 9654	88	55	143
Test 9655	96	12	108
Test 9656	26	79	105
Test 9657	24	71	95
Test 9658	57	16	73
Test 9659	86	84	170
Test 9660	1	54	55
Test 9661	93	95	188
Test 9662	60	27	87
Test 9663	17	79	96
Test 9664	45	39	84
Test 9665	85	29	114
Test 9666	52	97	149
Test 9667	80	80	160
Test 9668	61	69	130
Test 9669	11	62	73
Test 9670	97	79	176
Test 9671	86	10	96
Test 9672	98	54	152
Test 9673	47	71	118
Test 9674	83	86	169
Test 9675	37	43	80
Test 9676	43	96	139
Test 9677	27	68	95
Test 9678	13	73	86
Test 9679	60	50	110
Test 9680	91	44	135
Test 9681	32	98	130
Test 9682	72	87	159
Test 9683	79	94	173
Test 9684	66	92	158
Test 9685	93	28	121
Test 9686	71	93	164
Test 9687	31	57	88
Test 9688	53	82	135
Test 9689	74	95	169
Test 9690	70	52	122
Test 9691	51	66	117
Test 9692	15	56	71
Test 9693	32	18	50
Test 9694	26	45	71
Test 9695	94	34	128
Test 9696	80	85	165
Test 9697	93	57	150
Test 9698	17	98	115
Test 9699	37	35	72
Test 9700	25	0	25
Test 9701	74	97	171
Test 9702	1	18	19
Test 9703	48	69	117
Test 9704	28	1	29
Test 9705	14	75	89
Test 9706	78	72	150
Test 9707	50	21	71
Test 9708	32	70	102
Test 9709	71	16	87
Test 9710	66	49	115
Test 9711	44	7	51
Test 9712	47	46	93
Test 9713	10	45	55
Test 9714	77	33	110
Test 9715	69	3	72
Test 9716	14	71	85
Test 9717	30	21	51
Test 9718	91	60	151
Test 9719	8	21	29
Test 9720	60	72	132
Test 9721	95	41	136
Test 9722	83	16	99
Test 9723	20	14	34
Test 9724	24	94	118
Test 9725	49	66	115
Test 9726	94	63	157
Test 9727	16	59	75
Test 9728	43	54	97
Test 9729	5	71	76
Test 9730	97	9	106
Test 9731	33	19	52
Test 9732	2	52	54
Test 9733	62	13	75
Test 9734	8	50	58
Test 9735	90	90	180
Test 9736	54	31	85
Test 9737	40	98	138
Test 9738	63	45	108
Test 9739	13	4	17
Test 9740	96	59	155
Test 9741	22	72	94
Test 9742	29	13	42
Test 9743	38	62	100
Test 9744	9	47	56
Test 9745	50	12	62
Test 9746	2	87	89
Test 9747	1	10	11
Test 9748	51	31	82
Test 9749	75	1	76
Test 9750	30	67	97
Test 9751	70	57	127
Test 9752	21	75	96
Test 9753	98	62	160
Test 9754	27	90	117
Test 9755	36	91	127
Test 9756	28	77	105
Test 9757	11	91	102
Test 9758	41	61	102
Test 9759	47	11	58
Test 9760	37	6	43
Test 9761	20	3	23
Test 9762	4	21	25
Test 9763	24	2	26
Test 9764	73	2	75
Test 9765	94	85	179
Test 9766	38	8	46
Test 9767	67	11	78
Test 9768	38	55	93
Test 9769	77	12	89
Test 9770	56	98	154
Test 9771	75	18	93
Test 9772	50	67	117
Test 9773	92	11	103
Test 9774	97	67	164
Test 9775	68	9	77
Test 9776	95	9	104
Test 9777	66	65	131
Test 9778	34	91	125
Test 9779	75	52	127
Test 9780	95	55	150
Test 9781	82	42	124
Test 9782	92	51	143
Test 9783	21	12	33
Test 9784	88	12	100
Test 9785	27	5	32
Test 9786	95	63	158
Test 9787	98	39	137
Test 9788	66	38	104
Test 9789	90	96	186
Test 9790	43	60	103
Test 9791	42	24	66
Test 9792	40	68	108
Test 9793	74	17	91
Test 9794	60	67	127
Test 9795	79	70	149
Test 9796	93	61	154
Test 9797	84	36	120
Test 9798	62	48	110
Test 9799	33	63	96
Test 9800	15	12	27
Test 9801	28	4	32
Test 9802	54	24	78
Test 9803	93	18	111
Test 9804	55	76	131
Test 9805	44	63	107
Test 9806	34	79	113
Test 9807	50	79	129
Test 9808	84	74	158
Test 9809	40	30	70
Test 9810	32	44	76
Test 9811	20	91	111
Test 9812	33	85	118
Test 9813	67	71	138
Test 9814	39	27	66
Test 9815	35	33	68
Test 9816	62	28	90
Test 9817	23	65	88
Test 9818	62	62	124
Test 9819	91	85	176
Test 9820	17	97	114
Test 9821	85	35	120
Test 9822	97	30	127
Test 9823	83	28	111
Test 9824	60	23	83
Test 9825	32	64	96
Test 9826	7	11	18
Test 9827	41	39	80
Test 9828	74	85	159
Test 9829	1	50	51
Test 9830	98	13	111
Test 9831	18	93	111
Test 9832	24	16	40
Test 9833	64	43	107
Test 9834	26	48	74
Test 9835	18	15	33
Test 9836	95	10	105
Test 9837	76	18	94
Test 9838	52	6	58
Test 9839	1	61	62
Test 9840	31	63	94
Test 9841	71	53	124
Test 9842	2	99	101
Test 9843	14	37	51
Test 9844	81	48	129
Test 9845	22	84	106
Test 9846	51	61	112
Test 9847	94	2	96
Test 9848	82	44	126
Test 9849	98	57	155
Test 9850	43	2	45
Test 9851	34	82	116
Test 9852	41	34	75
Test 9853	70	48	118
Test 9854	57	25	82
Test 9855	51	88	139
Test 9856	6	12	18
Test 9857	96	63	159
Test 9858	33	54	87
Test 9859	9	5	14
Test 9860	3	8	11
Test 9861	43	0	43
Test 9862	37	17	54
Test 9863	20	8	28
Test 9864	60	12	72
Test 9865	66	66	132
Test 9866	23	96	119
Test 9867	7	23	30
Test 9868	67	31	98
Test 9869	31	73	104
Test 9870	14	35	49
Test 9871	65	62	127
Test 9872	99	96	195
Test 9873	49	1	50
Test 9874	82	89	171
Test 9875	27	11	38
Test 9876	57	2	59
Test 9877	52	98	150
Test 9878	12	73	85
Test 9879	46	98	144
Test 9880	47	28	75
Test 9881	45	14	59
Test 9882	61	68	129
Test 9883	60	76	136
Test 9884	31	95	126
Test 9885	65	4	69
Test 9886	1	34	35
Test 9887	17	73	90
Test 9888	87	68	155
Test 9889	44	5	49
Test 9890	36	70	106
Test 9891	42	8	50
Test 9892	79	6	85
Test 9893	43	11	54
Test 9894	82	65	147
Test 9895	33	55	88
Test 9896	57	70	127
Test 9897	97	85	182
Test 9898	18	85	103
Test 9899	65	37	102
Test 9900	8	54	62
Test 9901	28	93	121
Test 9902	63	54	117
Test 9903	68	85	153
Test 9904	22	36	58
Test 9905	56	74	130
Test 9906	70	70	140
Test 9907	95	24	119
Test 9908	83	11	94
Test 9909	46	17	63
Test 9910	19	59	78
Test 9911	92	80	172
Test 9912	52	5	57
Test 9913	68	16	84
Test 9914	54	15	69
Test 9915	12	87	99
Test 9916	0	27	27
Test 9917	31	87	118
Test 9918	26	65	91
Test 9919	58	45	103
Test 9920	35	76	111
Test 9921	92	85	177
Test 9922	99	65	164
Test 9923	99	34	133
Test 9924	81	81	162
Test 9925	92	44	136
Test 9926	30	83	113
Test 9927	93	11	104
Test 9928	93	98	191
Test 9929	90	30	120
Test 9930	68	42	110
Test 9931	9	35	44
Test 9932	33	93	126
Test 9933	26	4	30
Test 9934	77	43	120
Test 9935	98	31	129
Test 9936	93	60	153
Test 9937	89	51	140
Test 9938	64	95	159
Test 9939	8	87	95
Test 9940	15	45	60
Test 9941	64	33	97
Test 9942	14	43	57
Test 9943	97	1	98
Test 9944	63	76	139
Test 9945	37	32	69
Test 9946	95	98	193
Test 9947	74	31	105
Test 9948	88	24	112
Test 9949	94	92	186
Test 9950	59	52	111
Test 9951	99	77	176
Test 9952	55	56	111
Test 9953	84	60	144
Test 9954	0	64	64
Test 9955	87	25	112
Test 9956	54	75	129
Test 9957	96	0	96
Test 9958	63	86	149
Test 9959	53	10	63
Test 9960	19	81	100
Test 9961	73	9	82
Test 9962	2	38	40
Test 9963	53	2	55
Test 9964	15	21	36
Test 9965	5	4	9
Test 9966	42	96	138
Test 9967	8	31	39
Test 9968	74	55	129
Test 9969	14	60	74
Test 9970	30	10	40
Test 9971	40	41	81
Test 9972	93	0	93
Test 9973	53	44	97
Test 9974	51	51	102
Test 9975	24	40	64
Test 9976	6	76	82
Test 9977	69	2	71
Test 9978	46	25	71
Test 9979	21	51	72
Test 9980	94	14	108
Test 9981	89	56	145
Test 9982	1	85	86
Test 9983	80	94	174
Test 9984	1	66	67
Test 9985	97	25	122
Test 9986	44	14	58
Test 9987	51	35	86
Test 9988	25	2	27
Test 9989	55	59	114
Test 9990	73	62	135
Test 9991	78	91	169
Test 9992	13	46	59
Test 9993	6	90	96
Test 9994	32	62	94
Test 9995	24	81	105
Test 9996	72	70	142
Test 9997	74	6	80
Test 9998	66	65	131
Test 9999	49	96	145
Test 10000	33	37	70
Test 10001	33	64	97
Test 10002	1	76	77
Test 10003	84	14	98
Test 10004	16	50	66
Test 10005	88	0	88
Test 10006	72	11	83
Test 10007	98	63	161
Test 10008	83	47	130
Test 10009	38	31	69
Test 10010	31	35	66
Test 10011	94	84	178
Test 10012	39	62	101
Test 10013	34	10	44
Test 10014	92	67	159
Test 10015	48	41	89
Test 10016	69	43	112
Test 10017	85	19	104
Test 10018	19	26	45
Test 10019	80	88	168
Test 10020	43	13	56
Test 10021	59	37	96
Test 10022	9	86	95
Test 10023	71	69	140
Test 10024	64	50	114
Test 10025	55	21	76
Test 10026	97	4	101
Test 10027	3	51	54
Test 10028	94	45	139
Test 10029	8	2	10
Test 10030	95	23	118
Test 10031	19	99	118
Test 10032	4	0	4
Test 10033	90	89	179
Test 10034	90	16	106
Test 10035	28	5	33
Test 10036	48	17	65
Test 10037	35	76	111
Test 10038	25	81	106
Test 10039	88	7	95
Test 10040	19	38	57
Test 10041	99	15	114
Test 10042	41	0	41
Test 10043	1	50	51
Test 10044	43	97	140
Test 10045	26	55	81
Test 10046	3	94	97
Test 10047	74	70	144
Test 10048	29	53	82
Test 10049	40	59	99
Test 10050	77	31	108
Test 10051	35	83	118
Test 10052	44	78	122
Test 10053	24	66	90
Test 10054	48	59	107
Test 10055	21	33	54
Test 10056	74	93	167
Test 10057	80	61	141
Test 10058	18	75	93
Test 10059	84	24	108
Test 10060	85	64	149
Test 10061	5	55	60
Test 10062	77	67	144
Test 10063	47	81	128
Test 10064	75	82	157
Test 10065	96	56	152
Test 10066	41	89	130
Test 10067	51	88	139
Test 10068	44	75	119
Test 10069	45	67	112
Test 10070	92	95	187
Test 10071	18	94	112
Test 10072	26	37	63
Test 10073	49	93	142
Test 10074	54	56	110
Test 10075	46	62	108
Test 10076	37	70	107
Test 10077	60	65	125
Test 10078	52	65	117
Test 10079	95	64	159
Test 10080	65	80	145
Test 10081	76	95	171
Test 10082	44	63	107
Test 10083	12	5	17
Test 10084	39	2	41
Test 10085	38	10	48
Test 10086	94	69	163
Test 10087	72	70	142
Test 10088	89	62	151
Test 10089	61	43	104
Test 10090	92	49	141
Test 10091	67	76	143
Test 10092	38	30	68
Test 10093	72	7	79
Test 10094	37	29	66
Test 10095	95	73	168
Test 10096	0	61	61
Test 10097	73	60	133
Test 10098	91	83	174
Test 10099	36	48	84
Test 10100	99	66	165
Test 10101	65	12	77
Test 10102	54	41	95
Test 10103	6	64	70
Test 10104	99	19	118
Test 10105	7	14	21
Test 10106	87	54	141
Test 10107	79	68	147
Test 10108	97	32	129
Test 10109	81	17	98
Test 10110	44	8	52
Test 10111	81	71	152
Test 10112	58	29	87
Test 10113	45	86	131
Test 10114	45	70	115
Test 10115	24	76	100
Test 10116	28	56	84
Test 10117	45	91	136
Test 10118	2	77	79
Test 10119	30	12	42
Test 10120	55	90	145
Test 10121	32	63	95
Test 10122	4	24	28
Test 10123	70	94	164
Test 10124	25	20	45
Test 10125	32	30	62
Test 10126	76	23	99
Test 10127	87	57	144
Test 10128	33	79	112
Test 10129	36	56	92
Test 10130	72	42	114
Test 10131	24	36	60
Test 10132	30	56	86
Test 10133	84	33	117
Test 10134	74	58	132
Test 10135	21	34	55
Test 10136	28	22	50
Test 10137	19	46	65
Test 10138	76	37	113
Test 10139	70	13	83
Test 10140	0	41	41
Test 10141	49	39	88
Test 10142	38	41	79
Test 10143	25	74	99
Test 10144	78	62	140
Test 10145	71	10	81
Test 10146	69	51	120
Test 10147	3	21	24
Test 10148	43	40	83
Test 10149	42	54	96
Test 10150	19	33	52
Test 10151	75	7	82
Test 10152	96	46	142
Test 10153	59	87	146
Test 10154	62	16	78
Test 10155	67	50	117
Test 10156	23	3	26
Test 10157	58	80	138
Test 10158	8	16	24
Test 10159	66	42	108
Test 10160	92	83	175
Test 10161	85	77	162
Test 10162	22	6	28
Test 10163	76	51	127
Test 10164	75	3	78
Test 10165	91	16	107
Test 10166	5	65	70
Test 10167	71	84	155
Test 10168	49	52	101
Test 10169	89	93	182
Test 10170	68	49	117
Test 10171	13	26	39
Test 10172	8	89	97
Test 10173	40	90	130
Test 10174	38	51	89
Test 10175	63	84	147
Test 10176	10	57	67
Test 10177	15	96	111
Test 10178	44	11	55
Test 10179	40	64	104
Test 10180	9	72	81
Test 10181	11	46	57
Test 10182	64	12	76
Test 10183	17	22	39
Test 10184	23	54	77
Test 10185	24	94	118
Test 10186	63	75	138
Test 10187	54	10	64
Test 10188	58	83	141
Test 10189	35	94	129
Test 10190	9	18	27
Test 10191	72	69	141
Test 10192	42	0	42
Test 10193	37	82	119
Test 10194	38	91	129
Test 10195	74	46	120
Test 10196	18	59	77
Test 10197	73	0	73
Test 10198	30	9	39
Test 10199	11	70	81
Test 10200	4	7	11
Test 10201	37	46	83
Test 10202	56	57	113
Test 10203	52	37	89
Test 10204	77	57	134
Test 10205	68	63	131
Test 10206	11	1	12
Test 10207	15	52	67
Test 10208	6	86	92
Test 10209	61	73	134
Test 10210	49	47	96
Test 10211	38	49	87
Test 10212	36	94	130
Test 10213	69	28	97
Test 10214	21	77	98
Test 10215	69	59	128
Test 10216	59	23	82
Test 10217	52	34	86
Test 10218	78	23	101
Test 10219	35	51	86
Test 10220	73	65	138
Test 10221	41	3	44
Test 10222	93	2	95
Test 10223	44	37	81
Test 10224	12	27	39
Test 10225	70	20	90
Test 10226	37	81	118
Test 10227	38	63	101
Test 10228	46	92	138
Test 10229	24	98	122
Test 10230	14	39	53
Test 10231	82	54	136
Test 10232	38	29	67
Test 10233	77	59	136
Test 10234	21	5	26
Test 10235	32	10	42
Test 10236	90	98	188
Test 10237	29	12	41
Test 10238	23	61	84
Test 10239	48	17	65
Test 10240	52	28	80
Test 10241	26	57	83
Test 10242	40	59	99
Test 10243	94	79	173
Test 10244	30	11	41
Test 10245	50	6	56
Test 10246	61	64	125
Test 10247	39	7	46
Test 10248	0	22	22
Test 10249	49	15	64
Test 10250	71	24	95
Test 10251	39	16	55
Test 10252	30	49	79
Test 10253	56	70	126
Test 10254	22	48	70
Test 10255	54	61	115
Test 10256	26	57	83
Test 10257	3	23	26
Test 10258	56	49	105
Test 10259	71	90	161
Test 10260	24	34	58
Test 10261	90	50	140
Test 10262	97	10	107
Test 10263	69	69	138
Test 10264	16	81	97
Test 10265	24	48	72
Test 10266	14	96	110
Test 10267	72	11	83
Test 10268	15	37	52
Test 10269	72	1	73
Test 10270	11	65	76
Test 10271	75	65	140
Test 10272	75	99	174
Test 10273	3	53	56
Test 10274	14	84	98
Test 10275	11	95	106
Test 10276	39	51	90
Test 10277	3	93	96
Test 10278	92	1	93
Test 10279	59	13	72
Test 10280	90	61	151
Test 10281	73	15	88
Test 10282	29	71	100
Test 10283	53	92	145
Test 10284	25	45	70
Test 10285	1	58	59
Test 10286	29	15	44
Test 10287	57	49	106
Test 10288	66	20	86
Test 10289	91	26	117
Test 10290	69	10	79
Test 10291	31	40	71
Test 10292	95	57	152
Test 10293	32	87	119
Test 10294	98	3	101
Test 10295	88	4	92
Test 10296	63	49	112
Test 10297	27	13	40
Test 10298	52	92	144
Test 10299	73	96	169
Test 10300	87	7	94
Test 10301	0	88	88
Test 10302	69	91	160
Test 10303	65	25	90
Test 10304	62	11	73
Test 10305	16	87	103
Test 10306	83	55	138
Test 10307	25	60	85
Test 10308	10	52	62
Test 10309	21	88	109
Test 10310	30	36	66
Test 10311	33	83	116
Test 10312	29	7	36
Test 10313	26	19	45
Test 10314	31	1	32
Test 10315	96	5	101
Test 10316	36	18	54
Test 10317	89	19	108
Test 10318	76	28	104
Test 10319	74	7	81
Test 10320	60	54	114
Test 10321	50	12	62
Test 10322	30	85	115
Test 10323	24	60	84
Test 10324	9	67	76
Test 10325	14	30	44
Test 10326	53	78	131
Test 10327	97	9	106
Test 10328	36	68	104
Test 10329	21	91	112
Test 10330	47	45	92
Test 10331	39	20	59
Test 10332	21	96	117
Test 10333	87	23	110
Test 10334	70	70	140
Test 10335	91	87	178
Test 10336	10	55	65
Test 10337	12	61	73
Test 10338	86	83	169
Test 10339	66	88	154
Test 10340	84	73	157
Test 10341	96	90	186
Test 10342	97	9	106
Test 10343	6	0	6
Test 10344	3	26	29
Test 10345	74	83	157
Test 10346	33	41	74
Test 10347	95	51	146
Test 10348	95	53	148
Test 10349	17	7	24
Test 10350	29	4	33
Test 10351	93	66	159
Test 10352	93	4	97
Test 10353	12	72	84
Test 10354	46	6	52
Test 10355	23	63	86
Test 10356	75	33	108
Test 10357	25	12	37
Test 10358	75	50	125
Test 10359	29	37	66
Test 10360	14	75	89
Test 10361	13	27	40
Test 10362	53	45	98
Test 10363	29	82	111
Test 10364	40	33	73
Test 10365	26	75	101
Test 10366	99	14	113
Test 10367	91	39	130
Test 10368	98	8	106
Test 10369	74	34	108
Test 10370	20	72	92
Test 10371	39	82	121
Test 10372	8	28	36
Test 10373	97	27	124
Test 10374	40	35	75
Test 10375	66	74	140
Test 10376	37	45	82
Test 10377	89	17	106
Test 10378	83	68	151
Test 10379	11	46	57
Test 10380	81	49	130
Test 10381	69	20	89
Test 10382	63	91	154
Test 10383	3	38	41
Test 10384	41	39	80
Test 10385	93	8	101
Test 10386	67	29	96
Test 10387	19	86	105
Test 10388	39	31	70
Test 10389	12	23	35
Test 10390	36	86	122
Test 10391	56	1	57
Test 10392	15	85	100
Test 10393	83	74	157
Test 10394	45	4	49
Test 10395	35	82	117
Test 10396	34	91	125
Test 10397	3	86	89
Test 10398	29	74	103
Test 10399	64	37	101
Test 10400	91	66	157
Test 10401	54	28	82
Test 10402	95	48	143
Test 10403	34	8	42
Test 10404	75	51	126
Test 10405	68	18	86
Test 10406	85	17	102
Test 10407	64	16	80
Test 10408	80	41	121
Test 10409	17	0	17
Test 10410	56	4	60
Test 10411	67	98	165
Test 10412	43	35	78
Test 10413	53	64	117
Test 10414	92	40	132
Test 10415	42	96	138
Test 10416	36	98	134
Test 10417	96	45	141
Test 10418	7	91	98
Test 10419	82	72	154
Test 10420	84	22	106
Test 10421	52	82	134
Test 10422	78	35	113
Test 10423	73	57	130
Test 10424	42	89	131
Test 10425	17	19	36
Test 10426	16	57	73
Test 10427	81	14	95
Test 10428	48	17	65
Test 10429	89	50	139
Test 10430	4	23	27
Test 10431	86	92	178
Test 10432	58	5	63
Test 10433	37	56	93
Test 10434	16	21	37
Test 10435	55	86	141
Test 10436	89	76	165
Test 10437	63	56	119
Test 10438	1	82	83
Test 10439	65	34	99
Test 10440	4	54	58
Test 10441	74	13	87
Test 10442	20	28	48
Test 10443	21	14	35
Test 10444	46	13	59
Test 10445	62	45	107
Test 10446	20	94	114
Test 10447	83	73	156
Test 10448	49	61	110
Test 10449	37	74	111
Test 10450	91	74	165
Test 10451	64	76	140
Test 10452	57	46	103
Test 10453	35	31	66
Test 10454	52	70	122
Test 10455	8	21	29
Test 10456	46	87	133
Test 10457	65	31	96
Test 10458	6	89	95
Test 10459	53	78	131
Test 10460	84	84	168
Test 10461	66	12	78
Test 10462	57	59	116
Test 10463	51	96	147
Test 10464	27	59	86
Test 10465	30	81	111
Test 10466	91	72	163
Test 10467	79	13	92
Test 10468	55	56	111
Test 10469	91	15	106
Test 10470	7	49	56
Test 10471	22	55	77
Test 10472	39	31	70
Test 10473	63	6	69
Test 10474	24	19	43
Test 10475	48	21	69
Test 10476	40	24	64
Test 10477	54	79	133
Test 10478	21	15	36
Test 10479	33	97	130
Test 10480	5	44	49
Test 10481	92	24	116
Test 10482	19	6	25
Test 10483	15	95	110
Test 10484	22	47	69
Test 10485	87	61	148
Test 10486	72	73	145
Test 10487	60	95	155
Test 10488	24	38	62
Test 10489	18	36	54
Test 10490	49	90	139
Test 10491	46	16	62
Test 10492	39	75	114
Test 10493	72	98	170
Test 10494	55	38	93
Test 10495	37	50	87
Test 10496	53	29	82
Test 10497	73	95	168
Test 10498	63	56	119
Test 10499	40	5	45
Test 10500	93	90	183
Test 10501	1	86	87
Test 10502	84	9	93
Test 10503	68	76	144
Test 10504	26	84	110
Test 10505	17	80	97
Test 10506	8	22	30
Test 10507	57	19	76
Test 10508	57	43	100
Test 10509	62	40	102
Test 10510	45	20	65
Test 10511	67	42	109
Test 10512	15	20	35
Test 10513	72	51	123
Test 10514	64	80	144
Test 10515	28	32	60
Test 10516	39	24	63
Test 10517	5	51	56
Test 10518	1	27	28
Test 10519	57	36	93
Test 10520	32	31	63
Test 10521	17	14	31
Test 10522	52	32	84
Test 10523	42	80	122
Test 10524	61	84	145
Test 10525	70	65	135
Test 10526	59	32	91
Test 10527	3	44	47
Test 10528	20	21	41
Test 10529	74	24	98
Test 10530	65	42	107
Test 10531	34	69	103
Test 10532	75	93	168
Test 10533	80	32	112
Test 10534	31	44	75
Test 10535	48	34	82
Test 10536	97	83	180
Test 10537	66	2	68
Test 10538	43	38	81
Test 10539	29	57	86
Test 10540	33	93	126
Test 10541	30	15	45
Test 10542	40	52	92
Test 10543	78	6	84
Test 10544	42	63	105
Test 10545	25	60	85
Test 10546	89	6	95
Test 10547	11	70	81
Test 10548	63	2	65
Test 10549	23	46	69
Test 10550	64	47	111
Test 10551	42	37	79
Test 10552	28	94	122
Test 10553	82	28	110
Test 10554	91	72	163
Test 10555	12	16	28
Test 10556	33	51	84
Test 10557	49	81	130
Test 10558	22	7	29
Test 10559	98	38	136
Test 10560	64	97	161
Test 10561	75	59	134
Test 10562	2	72	74
Test 10563	53	94	147
Test 10564	95	74	169
Test 10565	85	77	162
Test 10566	34	63	97
Test 10567	58	4	62
Test 10568	82	69	151
Test 10569	35	42	77
Test 10570	95	39	134
Test 10571	82	33	115
Test 10572	49	89	138
Test 10573	71	2	73
Test 10574	14	79	93
Test 10575	59	17	76
Test 10576	85	19	104
Test 10577	58	42	100
Test 10578	95	78	173
Test 10579	80	87	167
Test 10580	72	29	101
Test 10581	6	51	57
Test 10582	82	24	106
Test 10583	86	36	122
Test 10584	46	17	63
Test 10585	72	69	141
Test 10586	42	84	126
Test 10587	42	79	121
Test 10588	81	9	90
Test 10589	42	28	70
Test 10590	99	32	131
Test 10591	10	84	94
Test 10592	25	62	87
Test 10593	38	13	51
Test 10594	60	41	101
Test 10595	43	74	117
Test 10596	54	54	108
Test 10597	89	12	101
Test 10598	61	61	122
Test 10599	25	23	48
Test 10600	37	95	132
Test 10601	58	30	88
Test 10602	11	10	21
Test 10603	56	19	75
Test 10604	10	8	18
Test 10605	51	21	72
Test 10606	6	3	9
Test 10607	8	63	71
Test 10608	89	5	94
Test 10609	89	50	139
Test 10610	84	71	155
Test 10611	80	81	161
Test 10612	18	5	23
Test 10613	60	50	110
Test 10614	28	5	33
Test 10615	22	56	78
Test 10616	80	5	85
Test 10617	59	30	89
Test 10618	28	5	33
Test 10619	83	74	157
Test 10620	7	72	79
Test 10621	76	25	101
Test 10622	91	9	100
Test 10623	28	68	96
Test 10624	16	70	86
Test 10625	54	99	153
Test 10626	34	13	47
Test 10627	85	54	139
Test 10628	76	96	172
Test 10629	68	27	95
Test 10630	88	13	101
Test 10631	3	37	40
Test 10632	1	85	86
Test 10633	26	50	76
Test 10634	33	14	47
Test 10635	34	15	49
Test 10636	30	75	105
Test 10637	99	57	156
Test 10638	95	15	110
Test 10639	57	42	99
Test 10640	86	23	109
Test 10641	20	86	106
Test 10642	60	69	129
Test 10643	31	30	61
Test 10644	7	24	31
Test 10645	76	54	130
Test 10646	17	94	111
Test 10647	5	58	63
Test 10648	6	52	58
Test 10649	39	11	50
Test 10650	95	21	116
Test 10651	28	14	42
Test 10652	49	34	83
Test 10653	39	85	124
Test 10654	12	29	41
Test 10655	39	72	111
Test 10656	25	60	85
Test 10657	85	37	122
Test 10658	88	50	138
Test 10659	4	93	97
Test 10660	48	72	120
Test 10661	95	71	166
Test 10662	45	79	124
Test 10663	95	73	168
Test 10664	73	31	104
Test 10665	48	46	94
Test 10666	36	83	119
Test 10667	71	22	93
Test 10668	65	84	149
Test 10669	39	20	59
Test 10670	27	54	81
Test 10671	22	44	66
Test 10672	52	9	61
Test 10673	38	20	58
Test 10674	42	5	47
Test 10675	95	78	173
Test 10676	99	54	153
Test 10677	96	73	169
Test 10678	13	71	84
Test 10679	97	35	132
Test 10680	25	46	71
Test 10681	64	37	101
Test 10682	11	65	76
Test 10683	16	13	29
Test 10684	63	1	64
Test 10685	80	91	171
Test 10686	76	57	133
Test 10687	38	70	108
Test 10688	37	9	46
Test 10689	24	86	110
Test 10690	37	75	112
Test 10691	99	67	166
Test 10692	85	43	128
Test 10693	75	38	113
Test 10694	88	48	136
Test 10695	2	38	40
Test 10696	23	98	121
Test 10697	54	62	116
Test 10698	90	33	123
Test 10699	66	46	112
Test 10700	49	43	92
Test 10701	51	39	90
Test 10702	66	8	74
Test 10703	90	56	146
Test 10704	95	4	99
Test 10705	37	37	74
Test 10706	15	34	49
Test 10707	74	34	108
Test 10708	35	30	65
Test 10709	98	10	108
Test 10710	63	47	110
Test 10711	83	14	97
Test 10712	31	94	125
Test 10713	92	10	102
Test 10714	96	46	142
Test 10715	52	98	150
Test 10716	29	47	76
Test 10717	32	96	128
Test 10718	19	32	51
Test 10719	76	43	119
Test 10720	87	19	106
Test 10721	81	95	176
Test 10722	50	52	102
Test 10723	5	80	85
Test 10724	17	73	90
Test 10725	92	73	165
Test 10726	98	98	196
Test 10727	97	41	138
Test 10728	15	73	88
Test 10729	4	2	6
Test 10730	49	6	55
Test 10731	48	18	66
Test 10732	68	36	104
Test 10733	54	77	131
Test 10734	78	27	105
Test 10735	17	87	104
Test 10736	67	49	116
Test 10737	71	98	169
Test 10738	92	36	128
Test 10739	30	12	42
Test 10740	88	79	167
Test 10741	18	85	103
Test 10742	61	39	100
Test 10743	97	99	196
Test 10744	1	76	77
Test 10745	74	82	156
Test 10746	67	5	72
Test 10747	65	45	110
Test 10748	90	89	179
Test 10749	54	56	110
Test 10750	35	3	38
Test 10751	23	18	41
Test 10752	29	24	53
Test 10753	98	90	188
Test 10754	84	3	87
Test 10755	71	18	89
Test 10756	6	68	74
Test 10757	92	5	97
Test 10758	1	84	85
Test 10759	21	42	63
Test 10760	69	20	89
Test 10761	41	17	58
Test 10762	65	35	100
Test 10763	87	51	138
Test 10764	59	17	76
Test 10765	15	67	82
Test 10766	28	74	102
Test 10767	62	27	89
Test 10768	99	2	101
Test 10769	30	42	72
Test 10770	14	31	45
Test 10771	27	84	111
Test 10772	45	73	118
Test 10773	87	78	165
Test 10774	27	68	95
Test 10775	94	24	118
Test 10776	14	15	29
Test 10777	58	59	117
Test 10778	18	90	108
Test 10779	80	47	127
Test 10780	4	99	103
Test 10781	5	77	82
Test 10782	46	85	131
Test 10783	64	40	104
Test 10784	36	22	58
Test 10785	84	73	157
Test 10786	43	35	78
Test 10787	70	9	79
Test 10788	85	30	115
Test 10789	82	9	91
Test 10790	16	49	65
Test 10791	10	24	34
Test 10792	36	75	111
Test 10793	50	20	70
Test 10794	23	34	57
Test 10795	39	13	52
Test 10796	25	29	54
Test 10797	87	83	170
Test 10798	14	86	100
Test 10799	37	20	57
Test 10800	65	89	154
Test 10801	32	96	128
Test 10802	67	28	95
Test 10803	4	61	65
Test 10804	2	95	97
Test 10805	95	2	97
Test 10806	22	85	107
Test 10807	26	42	68
Test 10808	96	87	183
Test 10809	19	17	36
Test 10810	18	61	79
Test 10811	20	98	118
Test 10812	33	27	60
Test 10813	42	93	135
Test 10814	88	38	126
Test 10815	11	57	68
Test 10816	27	31	58
Test 10817	76	58	134
Test 10818	55	4	59
Test 10819	31	25	56
Test 10820	23	50	73
Test 10821	60	87	147
Test 10822	28	65	93
Test 10823	37	89	126
Test 10824	6	60	66
Test 10825	58	18	76
Test 10826	7	16	23
Test 10827	2	30	32
Test 10828	85	47	132
Test 10829	59	24	83
Test 10830	19	73	92
Test 10831	91	75	166
Test 10832	65	71	136
Test 10833	57	22	79
Test 10834	24	0	24
Test 10835	70	4	74
Test 10836	95	44	139
Test 10837	85	1	86
Test 10838	82	22	104
Test 10839	58	37	95
Test 10840	84	42	126
Test 10841	14	61	75
Test 10842	38	18	56
Test 10843	33	9	42
Test 10844	47	60	107
Test 10845	38	74	112
Test 10846	35	77	112
Test 10847	48	42	90
Test 10848	14	79	93
Test 10849	32	24	56
Test 10850	83	95	178
Test 10851	95	0	95
Test 10852	13	15	28
Test 10853	65	76	141
Test 10854	86	92	178
Test 10855	91	82	173
Test 10856	37	18	55
Test 10857	51	77	128
Test 10858	86	32	118
Test 10859	11	8	19
Test 10860	45	39	84
Test 10861	51	32	83
Test 10862	90	36	126
Test 10863	10	90	100
Test 10864	39	40	79
Test 10865	91	85	176
Test 10866	19	77	96
Test 10867	20	54	74
Test 10868	55	54	109
Test 10869	65	67	132
Test 10870	73	64	137
Test 10871	2	55	57
Test 10872	19	60	79
Test 10873	68	89	157
Test 10874	97	53	150
Test 10875	45	47	92
Test 10876	58	1	59
Test 10877	32	46	78
Test 10878	32	99	131
Test 10879	97	32	129
Test 10880	73	2	75
Test 10881	36	94	130
Test 10882	55	40	95
Test 10883	1	71	72
Test 10884	87	44	131
Test 10885	59	87	146
Test 10886	25	67	92
Test 10887	74	42	116
Test 10888	11	81	92
Test 10889	16	8	24
Test 10890	28	35	63
Test 10891	51	87	138
Test 10892	90	67	157
Test 10893	15	33	48
Test 10894	38	9	47
Test 10895	50	5	55
Test 10896	2	39	41
Test 10897	2	45	47
Test 10898	39	68	107
Test 10899	87	89	176
Test 10900	76	45	121
Test 10901	49	90	139
Test 10902	84	54	138
Test 10903	78	66	144
Test 10904	69	23	92
Test 10905	73	1	74
Test 10906	46	30	76
Test 10907	32	93	125
Test 10908	82	73	155
Test 10909	0	49	49
Test 10910	65	43	108
Test 10911	11	94	105
Test 10912	49	87	136
Test 10913	40	45	85
Test 10914	18	40	58
Test 10915	90	51	141
Test 10916	58	52	110
Test 10917	27	55	82
Test 10918	11	19	30
Test 10919	20	69	89
Test 10920	12	57	69
Test 10921	10	77	87
Test 10922	37	75	112
Test 10923	91	16	107
Test 10924	9	98	107
Test 10925	73	98	171
Test 10926	72	29	101
Test 10927	89	88	177
Test 10928	8	8	16
Test 10929	41	75	116
Test 10930	39	13	52
Test 10931	5	7	12
Test 10932	28	98	126
Test 10933	25	25	50
Test 10934	30	14	44
Test 10935	0	52	52
Test 10936	65	19	84
Test 10937	24	18	42
Test 10938	60	87	147
Test 10939	25	39	64
Test 10940	16	47	63
Test 10941	50	9	59
Test 10942	54	69	123
Test 10943	88	18	106
Test 10944	75	20	95
Test 10945	25	33	58
Test 10946	27	38	65
Test 10947	40	23	63
Test 10948	81	34	115
Test 10949	6	32	38
Test 10950	18	2	20
Test 10951	49	25	74
Test 10952	36	47	83
Test 10953	55	45	100
Test 10954	17	11	28
Test 10955	53	54	107
Test 10956	38	48	86
Test 10957	75	38	113
Test 10958	49	32	81
Test 10959	8	30	38
Test 10960	32	54	86
Test 10961	65	7	72
Test 10962	96	50	146
Test 10963	8	30	38
Test 10964	75	49	124
Test 10965	43	93	136
Test 10966	89	98	187
Test 10967	84	12	96
Test 10968	70	69	139
Test 10969	73	30	103
Test 10970	69	66	135
Test 10971	33	94	127
Test 10972	53	2	55
Test 10973	43	49	92
Test 10974	63	66	129
Test 10975	16	33	49
Test 10976	22	78	100
Test 10977	85	54	139
Test 10978	43	92	135
Test 10979	22	61	83
Test 10980	44	74	118
Test 10981	37	88	125
Test 10982	19	61	80
Test 10983	35	59	94
Test 10984	16	81	97
Test 10985	54	29	83
Test 10986	62	53	115
Test 10987	0	95	95
Test 10988	32	51	83
Test 10989	81	15	96
Test 10990	56	68	124
Test 10991	94	82	176
Test 10992	84	49	133
Test 10993	87	96	183
Test 10994	67	12	79
Test 10995	50	43	93
Test 10996	33	16	49
Test 10997	28	0	28
Test 10998	63	64	127
Test 10999	89	2	91
Test 11000	77	79	156
Test 11001	12	76	88
Test 11002	6	62	68
Test 11003	99	25	124
Test 11004	11	99	110
Test 11005	44	5	49
Test 11006	50	81	131
Test 11007	40	47	87
Test 11008	75	31	106
Test 11009	47	21	68
Test 11010	71	91	162
Test 11011	83	72	155
Test 11012	84	85	169
Test 11013	42	49	91
Test 11014	15	18	33
Test 11015	9	47	56
Test 11016	79	83	162
Test 11017	36	87	123
Test 11018	63	30	93
Test 11019	46	23	69
Test 11020	61	48	109
Test 11021	76	83	159
Test 11022	7	46	53
Test 11023	69	4	73
Test 11024	48	45	93
Test 11025	52	14	66
Test 11026	93	52	145
Test 11027	49	42	91
Test 11028	44	47	91
Test 11029	27	82	109
Test 11030	62	76	138
Test 11031	71	93	164
Test 11032	18	14	32
Test 11033	75	36	111
Test 11034	83	7	90
Test 11035	72	22	94
Test 11036	90	90	180
Test 11037	88	90	178
Test 11038	23	78	101
Test 11039	51	16	67
Test 11040	29	77	106
Test 11041	99	72	171
Test 11042	16	89	105
Test 11043	52	65	117
Test 11044	24	69	93
Test 11045	30	56	86
Test 11046	79	86	165
Test 11047	77	75	152
Test 11048	27	62	89
Test 11049	25	32	57
Test 11050	51	75	126
Test 11051	0	80	80
Test 11052	30	9	39
Test 11053	96	53	149
Test 11054	81	5	86
Test 11055	48	43	91
Test 11056	38	23	61
Test 11057	35	69	104
Test 11058	11	88	99
Test 11059	55	26	81
Test 11060	78	93	171
Test 11061	66	78	144
Test 11062	15	29	44
Test 11063	76	56	132
Test 11064	16	4	20
Test 11065	72	64	136
Test 11066	90	69	159
Test 11067	8	84	92
Test 11068	61	46	107
Test 11069	80	63	143
Test 11070	39	20	59
Test 11071	4	34	38
Test 11072	15	98	113
Test 11073	59	97	156
Test 11074	59	62	121
Test 11075	78	49	127
Test 11076	39	1	40
Test 11077	21	44	65
Test 11078	27	5	32
Test 11079	72	29	101
Test 11080	42	23	65
Test 11081	32	65	97
Test 11082	60	48	108
Test 11083	24	74	98
Test 11084	25	70	95
Test 11085	96	84	180
Test 11086	67	6	73
Test 11087	15	45	60
Test 11088	88	66	154
Test 11089	67	50	117
Test 11090	2	76	78
Test 11091	51	94	145
Test 11092	63	6	69
Test 11093	49	26	75
Test 11094	1	0	1
Test 11095	42	73	115
Test 11096	45	67	112
Test 11097	45	29	74
Test 11098	24	81	105
Test 11099	1	33	34
Test 11100	70	12	82
Test 11101	16	35	51
Test 11102	16	71	87
Test 11103	62	49	111
Test 11104	48	48	96
Test 11105	59	97	156
Test 11106	74	93	167
Test 11107	79	53	132
Test 11108	46	40	86
Test 11109	3	58	61
Test 11110	19	6	25
Test 11111	27	20	47
Test 11112	14	10	24
Test 11113	73	44	117
Test 11114	12	70	82
Test 11115	29	1	30
Test 11116	85	4	89
Test 11117	25	97	122
Test 11118	47	51	98
Test 11119	26	72	98
Test 11120	63	48	111
Test 11121	85	90	175
Test 11122	61	5	66
Test 11123	65	87	152
Test 11124	34	64	98
Test 11125	65	82	147
Test 11126	15	21	36
Test 11127	44	72	116
Test 11128	26	61	87
Test 11129	47	93	140
Test 11130	38	95	133
Test 11131	30	53	83
Test 11132	71	85	156
Test 11133	30	96	126
Test 11134	78	31	109
Test 11135	60	7	67
Test 11136	1	54	55
Test 11137	58	63	121
Test 11138	48	84	132
Test 11139	33	64	97
Test 11140	17	70	87
Test 11141	5	80	85
Test 11142	78	97	175
Test 11143	70	33	103
Test 11144	1	66	67
Test 11145	16	62	78
Test 11146	32	94	126
Test 11147	83	0	83
Test 11148	96	11	107
Test 11149	42	14	56
Test 11150	1	27	28
Test 11151	44	68	112
Test 11152	94	59	153
Test 11153	4	65	69
Test 11154	87	21	108
Test 11155	21	35	56
Test 11156	10	18	28
Test 11157	36	70	106
Test 11158	47	79	126
Test 11159	46	88	134
Test 11160	45	62	107
Test 11161	50	12	62
Test 11162	14	62	76
Test 11163	35	54	89
Test 11164	88	24	112
Test 11165	64	69	133
Test 11166	16	91	107
Test 11167	99	16	115
Test 11168	5	55	60
Test 11169	79	84	163
Test 11170	49	87	136
Test 11171	78	6	84
Test 11172	20	55	75
Test 11173	4	92	96
Test 11174	41	79	120
Test 11175	51	99	150
Test 11176	3	26	29
Test 11177	44	67	111
Test 11178	86	92	178
Test 11179	49	22	71
Test 11180	13	36	49
Test 11181	48	26	74
Test 11182	30	74	104
Test 11183	87	28	115
Test 11184	42	50	92
Test 11185	20	7	27
Test 11186	7	74	81
Test 11187	10	50	60
Test 11188	99	68	167
Test 11189	75	50	125
Test 11190	95	46	141
Test 11191	95	47	142
Test 11192	96	67	163
Test 11193	75	58	133
Test 11194	66	30	96
Test 11195	23	58	81
Test 11196	92	72	164
Test 11197	65	83	148
Test 11198	81	15	96
Test 11199	62	38	100
Test 11200	71	55	126
Test 11201	71	71	142
Test 11202	98	67	165
Test 11203	50	26	76
Test 11204	83	27	110
Test 11205	51	55	106
Test 11206	27	78	105
Test 11207	87	92	179
Test 11208	73	27	100
Test 11209	55	92	147
Test 11210	43	72	115
Test 11211	55	39	94
Test 11212	4	15	19
Test 11213	42	78	120
Test 11214	16	82	98
Test 11215	13	11	24
Test 11216	81	0	81
Test 11217	33	49	82
Test 11218	16	89	105
Test 11219	77	24	101
Test 11220	21	57	78
Test 11221	83	15	98
Test 11222	1	21	22
Test 11223	22	78	100
Test 11224	45	16	61
Test 11225	47	68	115
Test 11226	67	77	144
Test 11227	87	13	100
Test 11228	18	19	37
Test 11229	9	79	88
Test 11230	3	45	48
Test 11231	56	5	61
Test 11232	41	10	51
Test 11233	97	22	119
Test 11234	83	82	165
Test 11235	41	20	61
Test 11236	83	99	182
Test 11237	22	25	47
Test 11238	36	12	48
Test 11239	37	53	90
Test 11240	41	52	93
Test 11241	73	21	94
Test 11242	64	21	85
Test 11243	78	62	140
Test 11244	25	34	59
Test 11245	11	90	101
Test 11246	96	5	101
Test 11247	20	59	79
Test 11248	12	16	28
Test 11249	97	95	192
Test 11250	51	61	112
Test 11251	51	66	117
Test 11252	65	0	65
Test 11253	59	13	72
Test 11254	6	11	17
Test 11255	88	44	132
Test 11256	29	48	77
Test 11257	79	19	98
Test 11258	93	64	157
Test 11259	65	35	100
Test 11260	91	77	168
Test 11261	42	39	81
Test 11262	28	37	65
Test 11263	79	64	143
Test 11264	59	32	91
Test 11265	46	95	141
Test 11266	87	98	185
Test 11267	73	75	148
Test 11268	63	98	161
Test 11269	2	79	81
Test 11270	75	78	153
Test 11271	1	36	37
Test 11272	76	91	167
Test 11273	99	76	175
Test 11274	14	66	80
Test 11275	58	99	157
Test 11276	10	29	39
Test 11277	33	91	124
Test 11278	68	8	76
Test 11279	78	62	140
Test 11280	1	52	53
Test 11281	96	10	106
Test 11282	81	83	164
Test 11283	82	57	139
Test 11284	60	29	89
Test 11285	45	93	138
Test 11286	40	32	72
Test 11287	37	9	46
Test 11288	68	76	144
Test 11289	75	29	104
Test 11290	8	8	16
Test 11291	11	66	77
Test 11292	85	83	168
Test 11293	60	34	94
Test 11294	89	8	97
Test 11295	10	38	48
Test 11296	74	27	101
Test 11297	71	16	87
Test 11298	44	19	63
Test 11299	19	38	57
Test 11300	66	29	95
Test 11301	79	80	159
Test 11302	0	63	63
Test 11303	38	83	121
Test 11304	62	30	92
Test 11305	74	26	100
Test 11306	2	68	70
Test 11307	37	26	63
Test 11308	97	1	98
Test 11309	17	89	106
Test 11310	18	38	56
Test 11311	82	28	110
Test 11312	34	53	87
Test 11313	39	40	79
Test 11314	27	87	114
Test 11315	16	34	50
Test 11316	82	67	149
Test 11317	86	75	161
Test 11318	30	28	58
Test 11319	84	18	102
Test 11320	9	89	98
Test 11321	61	78	139
Test 11322	56	94	150
Test 11323	97	65	162
Test 11324	11	35	46
Test 11325	98	3	101
Test 11326	90	27	117
Test 11327	31	22	53
Test 11328	61	46	107
Test 11329	47	11	58
Test 11330	25	47	72
Test 11331	22	11	33
Test 11332	8	59	67
Test 11333	80	56	136
Test 11334	91	84	175
Test 11335	23	21	44
Test 11336	3	67	70
Test 11337	73	25	98
Test 11338	41	39	80
Test 11339	25	89	114
Test 11340	71	56	127
Test 11341	55	57	112
Test 11342	76	11	87
Test 11343	34	90	124
Test 11344	11	25	36
Test 11345	92	53	145
Test 11346	10	17	27
Test 11347	88	95	183
Test 11348	80	26	106
Test 11349	27	48	75
Test 11350	34	26	60
Test 11351	26	9	35
Test 11352	97	78	175
Test 11353	42	61	103
Test 11354	91	95	186
Test 11355	41	24	65
Test 11356	22	42	64
Test 11357	54	58	112
Test 11358	28	18	46
Test 11359	63	97	160
Test 11360	69	76	145
Test 11361	65	59	124
Test 11362	41	71	112
Test 11363	62	72	134
Test 11364	57	28	85
Test 11365	18	10	28
Test 11366	49	48	97
Test 11367	10	82	92
Test 11368	54	50	104
Test 11369	27	76	103
Test 11370	39	79	118
Test 11371	88	32	120
Test 11372	34	75	109
Test 11373	13	50	63
Test 11374	91	37	128
Test 11375	41	39	80
Test 11376	51	34	85
Test 11377	23	10	33
Test 11378	13	30	43
Test 11379	42	33	75
Test 11380	26	35	61
Test 11381	21	89	110
Test 11382	2	10	12
Test 11383	79	48	127
Test 11384	62	89	151
Test 11385	85	59	144
Test 11386	26	28	54
Test 11387	58	0	58
Test 11388	46	4	50
Test 11389	38	7	45
Test 11390	33	87	120
Test 11391	36	73	109
Test 11392	0	41	41
Test 11393	38	75	113
Test 11394	75	69	144
Test 11395	35	18	53
Test 11396	59	87	146
Test 11397	74	57	131
Test 11398	19	39	58
Test 11399	40	56	96
Test 11400	78	41	119
Test 11401	63	13	76
Test 11402	8	43	51
Test 11403	57	44	101
Test 11404	5	5	10
Test 11405	37	45	82
Test 11406	40	62	102
Test 11407	54	70	124
Test 11408	35	22	57
Test 11409	75	56	131
Test 11410	84	13	97
Test 11411	77	93	170
Test 11412	94	82	176
Test 11413	74	12	86
Test 11414	60	22	82
Test 11415	36	89	125
Test 11416	42	98	140
Test 11417	21	39	60
Test 11418	11	36	47
Test 11419	36	84	120
Test 11420	43	18	61
Test 11421	40	13	53
Test 11422	34	85	119
Test 11423	81	54	135
Test 11424	1	37	38
Test 11425	42	14	56
Test 11426	40	50	90
Test 11427	59	35	94
Test 11428	67	56	123
Test 11429	97	76	173
Test 11430	36	37	73
Test 11431	55	59	114
Test 11432	22	6	28
Test 11433	74	19	93
Test 11434	7	35	42
Test 11435	74	39	113
Test 11436	36	77	113
Test 11437	86	6	92
Test 11438	51	36	87
Test 11439	14	70	84
Test 11440	61	55	116
Test 11441	71	39	110
Test 11442	47	33	80
Test 11443	15	52	67
Test 11444	62	91	153
Test 11445	12	37	49
Test 11446	20	84	104
Test 11447	54	61	115
Test 11448	24	14	38
Test 11449	77	81	158
Test 11450	28	86	114
Test 11451	34	88	122
Test 11452	95	10	105
Test 11453	28	62	90
Test 11454	46	87	133
Test 11455	46	33	79
Test 11456	93	94	187
Test 11457	77	2	79
Test 11458	60	6	66
Test 11459	12	96	108
Test 11460	15	13	28
Test 11461	33	1	34
Test 11462	98	46	144
Test 11463	54	33	87
Test 11464	29	28	57
Test 11465	12	57	69
Test 11466	1	17	18
Test 11467	52	54	106
Test 11468	59	47	106
Test 11469	94	72	166
Test 11470	58	9	67
Test 11471	36	13	49
Test 11472	34	94	128
Test 11473	36	52	88
Test 11474	54	7	61
Test 11475	1	28	29
Test 11476	38	21	59
Test 11477	65	86	151
Test 11478	15	51	66
Test 11479	64	75	139
Test 11480	9	4	13
Test 11481	34	24	58
Test 11482	23	97	120
Test 11483	14	56	70
Test 11484	6	84	90
Test 11485	72	75	147
Test 11486	94	95	189
Test 11487	37	1	38
Test 11488	19	52	71
Test 11489	54	92	146
Test 11490	79	4	83
Test 11491	81	72	153
Test 11492	99	3	102
Test 11493	78	24	102
Test 11494	64	65	129
Test 11495	61	70	131
Test 11496	59	47	106
Test 11497	8	37	45
Test 11498	52	56	108
Test 11499	63	77	140
Test 11500	61	65	126
Test 11501	51	74	125
Test 11502	83	46	129
Test 11503	10	98	108
Test 11504	77	87	164
Test 11505	46	2	48
Test 11506	46	2	48
Test 11507	14	13	27
Test 11508	13	87	100
Test 11509	87	6	93
Test 11510	62	86	148
Test 11511	7	63	70
Test 11512	7	47	54
Test 11513	7	42	49
Test 11514	50	0	50
Test 11515	88	6	94
Test 11516	39	9	48
Test 11517	84	30	114
Test 11518	47	74	121
Test 11519	88	98	186
Test 11520	16	73	89
Test 11521	7	44	51
Test 11522	88	90	178
Test 11523	52	88	140
Test 11524	97	75	172
Test 11525	55	33	88
Test 11526	76	71	147
Test 11527	25	55	80
Test 11528	51	24	75
Test 11529	11	96	107
Test 11530	29	88	117
Test 11531	53	96	149
Test 11532	73	66	139
Test 11533	13	75	88
Test 11534	37	74	111
Test 11535	34	94	128
Test 11536	67	95	162
Test 11537	2	4	6
Test 11538	55	54	109
Test 11539	22	26	48
Test 11540	36	13	49
Test 11541	96	15	111
Test 11542	39	58	97
Test 11543	97	36	133
Test 11544	58	9	67
Test 11545	50	45	95
Test 11546	53	9	62
Test 11547	98	91	189
Test 11548	76	16	92
Test 11549	0	14	14
Test 11550	88	6	94
Test 11551	49	72	121
Test 11552	17	75	92
Test 11553	32	29	61
Test 11554	86	26	112
Test 11555	16	82	98
Test 11556	8	44	52
Test 11557	17	68	85
Test 11558	5	31	36
Test 11559	42	44	86
Test 11560	2	31	33
Test 11561	61	19	80
Test 11562	48	8	56
Test 11563	84	74	158
Test 11564	95	88	183
Test 11565	38	34	72
Test 11566	46	51	97
Test 11567	68	27	95
Test 11568	97	30	127
Test 11569	33	96	129
Test 11570	17	14	31
Test 11571	45	3	48
Test 11572	21	0	21
Test 11573	40	69	109
Test 11574	3	70	73
Test 11575	1	68	69
Test 11576	66	46	112
Test 11577	87	97	184
Test 11578	62	26	88
Test 11579	13	86	99
Test 11580	98	33	131
Test 11581	64	4	68
Test 11582	3	73	76
Test 11583	7	75	82
Test 11584	69	87	156
Test 11585	46	65	111
Test 11586	60	49	109
Test 11587	97	7	104
Test 11588	14	74	88
Test 11589	76	3	79
Test 11590	26	45	71
Test 11591	5	61	66
Test 11592	71	64	135
Test 11593	82	68	150
Test 11594	34	83	117
Test 11595	89	55	144
Test 11596	44	14	58
Test 11597	43	94	137
Test 11598	10	58	68
Test 11599	8	79	87
Test 11600	60	34	94
Test 11601	18	84	102
Test 11602	21	25	46
Test 11603	54	93	147
Test 11604	68	28	96
Test 11605	82	66	148
Test 11606	21	5	26
Test 11607	56	10	66
Test 11608	77	27	104
Test 11609	69	73	142
Test 11610	19	72	91
Test 11611	56	6	62
Test 11612	95	42	137
Test 11613	61	68	129
Test 11614	0	60	60
Test 11615	23	77	100
Test 11616	92	33	125
Test 11617	78	66	144
Test 11618	92	55	147
Test 11619	16	48	64
Test 11620	73	91	164
Test 11621	55	62	117
Test 11622	14	1	15
Test 11623	78	15	93
Test 11624	9	81	90
Test 11625	98	46	144
Test 11626	11	0	11
Test 11627	71	84	155
Test 11628	16	39	55
Test 11629	89	3	92
Test 11630	80	19	99
Test 11631	99	19	118
Test 11632	66	65	131
Test 11633	38	12	50
Test 11634	75	14	89
Test 11635	88	1	89
Test 11636	18	81	99
Test 11637	23	59	82
Test 11638	31	6	37
Test 11639	99	22	121
Test 11640	61	92	153
Test 11641	56	29	85
Test 11642	31	38	69
Test 11643	60	42	102
Test 11644	1	49	50
Test 11645	56	89	145
Test 11646	46	91	137
Test 11647	5	8	13
Test 11648	43	39	82
Test 11649	77	25	102
Test 11650	90	7	97
Test 11651	69	66	135
Test 11652	29	21	50
Test 11653	66	42	108
Test 11654	64	70	134
Test 11655	89	58	147
Test 11656	15	69	84
Test 11657	79	87	166
Test 11658	12	24	36
Test 11659	9	59	68
Test 11660	94	63	157
Test 11661	90	47	137
Test 11662	57	46	103
Test 11663	58	55	113
Test 11664	71	27	98
Test 11665	47	52	99
Test 11666	3	17	20
Test 11667	3	37	40
Test 11668	30	89	119
Test 11669	36	9	45
Test 11670	25	72	97
Test 11671	32	34	66
Test 11672	41	23	64
Test 11673	18	2	20
Test 11674	43	63	106
Test 11675	38	20	58
Test 11676	46	1	47
Test 11677	70	25	95
Test 11678	36	81	117
Test 11679	93	27	120
Test 11680	19	70	89
Test 11681	54	22	76
Test 11682	46	75	121
Test 11683	36	69	105
Test 11684	57	47	104
Test 11685	10	82	92
Test 11686	43	12	55
Test 11687	59	46	105
Test 11688	17	32	49
Test 11689	6	64	70
Test 11690	18	92	110
Test 11691	2	12	14
Test 11692	57	8	65
Test 11693	46	20	66
Test 11694	28	2	30
Test 11695	29	17	46
Test 11696	45	8	53
Test 11697	75	22	97
Test 11698	60	24	84
Test 11699	35	6	41
Test 11700	85	9	94
Test 11701	36	52	88
Test 11702	60	87	147
Test 11703	7	33	40
Test 11704	25	47	72
Test 11705	73	35	108
Test 11706	39	37	76
Test 11707	88	98	186
Test 11708	49	7	56
Test 11709	72	77	149
Test 11710	85	19	104
Test 11711	81	8	89
Test 11712	82	81	163
Test 11713	40	52	92
Test 11714	18	90	108
Test 11715	13	5	18
Test 11716	23	97	120
Test 11717	12	39	51
Test 11718	60	19	79
Test 11719	46	46	92
Test 11720	73	4	77
Test 11721	70	26	96
Test 11722	23	31	54
Test 11723	30	4	34
Test 11724	36	60	96
Test 11725	4	10	14
Test 11726	13	5	18
Test 11727	67	56	123
Test 11728	54	53	107
Test 11729	52	32	84
Test 11730	81	52	133
Test 11731	5	5	10
Test 11732	9	21	30
Test 11733	67	95	162
Test 11734	96	65	161
Test 11735	32	71	103
Test 11736	82	67	149
Test 11737	38	26	64
Test 11738	68	32	100
Test 11739	20	73	93
Test 11740	18	95	113
Test 11741	7	0	7
Test 11742	40	76	116
Test 11743	59	63	122
Test 11744	7	7	14
Test 11745	75	81	156
Test 11746	35	28	63
Test 11747	70	84	154
Test 11748	76	56	132
Test 11749	66	3	69
Test 11750	61	75	136
Test 11751	22	57	79
Test 11752	8	89	97
Test 11753	84	62	146
Test 11754	19	96	115
Test 11755	42	51	93
Test 11756	75	36	111
Test 11757	40	18	58
Test 11758	48	37	85
Test 11759	36	78	114
Test 11760	74	62	136
Test 11761	57	49	106
Test 11762	49	42	91
Test 11763	30	65	95
Test 11764	26	47	73
Test 11765	19	40	59
Test 11766	48	31	79
Test 11767	15	2	17
Test 11768	30	5	35
Test 11769	9	2	11
Test 11770	94	52	146
Test 11771	2	21	23
Test 11772	86	95	181
Test 11773	37	25	62
Test 11774	26	35	61
Test 11775	75	80	155
Test 11776	54	65	119
Test 11777	21	26	47
Test 11778	29	24	53
Test 11779	35	19	54
Test 11780	63	1	64
Test 11781	18	25	43
Test 11782	56	42	98
Test 11783	66	51	117
Test 11784	63	28	91
Test 11785	33	87	120
Test 11786	11	34	45
Test 11787	73	79	152
Test 11788	37	77	114
Test 11789	70	94	164
Test 11790	88	93	181
Test 11791	43	93	136
Test 11792	27	4	31
Test 11793	93	92	185
Test 11794	86	81	167
Test 11795	73	3	76
Test 11796	39	9	48
Test 11797	69	29	98
Test 11798	81	15	96
Test 11799	15	41	56
Test 11800	53	89	142
Test 11801	74	18	92
Test 11802	72	11	83
Test 11803	43	61	104
Test 11804	70	39	109
Test 11805	14	13	27
Test 11806	9	46	55
Test 11807	32	87	119
Test 11808	72	92	164
Test 11809	97	61	158
Test 11810	94	5	99
Test 11811	99	0	99
Test 11812	64	61	125
Test 11813	65	79	144
Test 11814	63	78	141
Test 11815	92	57	149
Test 11816	80	81	161
Test 11817	36	54	90
Test 11818	54	78	132
Test 11819	80	98	178
Test 11820	15	65	80
Test 11821	83	5	88
Test 11822	32	51	83
Test 11823	91	99	190
Test 11824	40	71	111
Test 11825	87	50	137
Test 11826	75	49	124
Test 11827	11	3	14
Test 11828	26	92	118
Test 11829	43	15	58
Test 11830	12	83	95
Test 11831	36	48	84
Test 11832	49	44	93
Test 11833	35	82	117
Test 11834	49	41	90
Test 11835	91	42	133
Test 11836	56	94	150
Test 11837	78	34	112
Test 11838	87	10	97
Test 11839	2	49	51
Test 11840	15	98	113
Test 11841	44	50	94
Test 11842	65	46	111
Test 11843	48	86	134
Test 11844	65	7	72
Test 11845	86	45	131
Test 11846	83	67	150
Test 11847	95	47	142
Test 11848	1	49	50
Test 11849	44	89	133
Test 11850	17	64	81
Test 11851	6	2	8
Test 11852	86	66	152
Test 11853	0	24	24
Test 11854	81	60	141
Test 11855	57	81	138
Test 11856	34	40	74
Test 11857	14	23	37
Test 11858	7	89	96
Test 11859	31	28	59
Test 11860	72	50	122
Test 11861	10	56	66
Test 11862	47	83	130
Test 11863	34	43	77
Test 11864	92	28	120
Test 11865	71	5	76
Test 11866	88	14	102
Test 11867	57	59	116
Test 11868	2	17	19
Test 11869	78	67	145
Test 11870	7	82	89
Test 11871	71	83	154
Test 11872	99	53	152
Test 11873	9	98	107
Test 11874	27	58	85
Test 11875	24	24	48
Test 11876	38	55	93
Test 11877	94	17	111
Test 11878	94	89	183
Test 11879	25	68	93
Test 11880	5	8	13
Test 11881	57	55	112
Test 11882	70	65	135
Test 11883	71	94	165
Test 11884	76	95	171
Test 11885	60	43	103
Test 11886	16	66	82
Test 11887	0	44	44
Test 11888	38	74	112
Test 11889	47	93	140
Test 11890	42	8	50
Test 11891	49	47	96
Test 11892	20	27	47
Test 11893	96	41	137
Test 11894	42	20	62
Test 11895	51	36	87
Test 11896	28	79	107
Test 11897	14	74	88
Test 11898	18	99	117
Test 11899	70	88	158
Test 11900	76	30	106
Test 11901	18	28	46
Test 11902	8	5	13
Test 11903	1	94	95
Test 11904	70	93	163
Test 11905	61	35	96
Test 11906	44	99	143
Test 11907	6	96	102
Test 11908	64	13	77
Test 11909	12	38	50
Test 11910	76	3	79
Test 11911	83	86	169
Test 11912	60	76	136
Test 11913	68	37	105
Test 11914	97	65	162
Test 11915	84	40	124
Test 11916	60	12	72
Test 11917	24	17	41
Test 11918	98	49	147
Test 11919	87	67	154
Test 11920	17	40	57
Test 11921	34	14	48
Test 11922	13	95	108
Test 11923	57	96	153
Test 11924	45	5	50
Test 11925	24	31	55
Test 11926	88	61	149
Test 11927	78	90	168
Test 11928	91	92	183
Test 11929	58	51	109
Test 11930	12	40	52
Test 11931	55	53	108
Test 11932	14	32	46
Test 11933	29	25	54
Test 11934	84	69	153
Test 11935	27	52	79
Test 11936	8	53	61
Test 11937	23	21	44
Test 11938	18	2	20
Test 11939	15	87	102
Test 11940	64	31	95
Test 11941	81	58	139
Test 11942	56	61	117
Test 11943	46	58	104
Test 11944	3	0	3
Test 11945	31	56	87
Test 11946	35	44	79
Test 11947	79	43	122
Test 11948	77	35	112
Test 11949	16	23	39
Test 11950	1	98	99
Test 11951	47	77	124
Test 11952	43	56	99
Test 11953	93	33	126
Test 11954	38	70	108
Test 11955	91	58	149
Test 11956	59	78	137
Test 11957	80	36	116
Test 11958	19	53	72
Test 11959	41	7	48
Test 11960	47	19	66
Test 11961	90	99	189
Test 11962	88	57	145
Test 11963	25	11	36
Test 11964	0	24	24
Test 11965	65	32	97
Test 11966	76	83	159
Test 11967	69	71	140
Test 11968	46	25	71
Test 11969	41	76	117
Test 11970	70	41	111
Test 11971	50	79	129
Test 11972	73	98	171
Test 11973	79	18	97
Test 11974	86	45	131
Test 11975	17	31	48
Test 11976	44	73	117
Test 11977	52	5	57
Test 11978	35	95	130
Test 11979	86	43	129
Test 11980	85	85	170
Test 11981	77	58	135
Test 11982	63	1	64
Test 11983	53	59	112
Test 11984	74	60	134
Test 11985	40	32	72
Test 11986	67	57	124
Test 11987	26	71	97
Test 11988	39	52	91
Test 11989	2	5	7
Test 11990	49	78	127
Test 11991	11	34	45
Test 11992	59	1	60
Test 11993	44	30	74
Test 11994	28	78	106
Test 11995	20	68	88
Test 11996	77	64	141
Test 11997	25	93	118
Test 11998	89	92	181
Test 11999	79	37	116
Test 12000	21	41	62
Test 12001	65	33	98
Test 12002	49	12	61
Test 12003	44	73	117
Test 12004	21	41	62
Test 12005	83	56	139
Test 12006	31	32	63
Test 12007	93	63	156
Test 12008	99	69	168
Test 12009	13	10	23
Test 12010	53	66	119
Test 12011	14	45	59
Test 12012	22	55	77
Test 12013	52	46	98
Test 12014	67	64	131
Test 12015	27	82	109
Test 12016	71	4	75
Test 12017	40	94	134
Test 12018	53	76	129
Test 12019	99	58	157
Test 12020	75	65	140
Test 12021	98	50	148
Test 12022	30	28	58
Test 12023	38	3	41
Test 12024	85	15	100
Test 12025	83	81	164
Test 12026	38	88	126
Test 12027	46	14	60
Test 12028	80	50	130
Test 12029	0	48	48
Test 12030	32	3	35
Test 12031	4	41	45
Test 12032	50	82	132
Test 12033	65	26	91
Test 12034	58	45	103
Test 12035	46	32	78
Test 12036	55	72	127
Test 12037	40	46	86
Test 12038	1	76	77
Test 12039	67	75	142
Test 12040	45	11	56
Test 12041	11	15	26
Test 12042	61	26	87
Test 12043	65	68	133
Test 12044	9	98	107
Test 12045	95	83	178
Test 12046	41	58	99
Test 12047	65	54	119
Test 12048	30	78	108
Test 12049	76	0	76
Test 12050	41	73	114
Test 12051	48	89	137
Test 12052	51	40	91
Test 12053	82	95	177
Test 12054	37	3	40
Test 12055	13	91	104
Test 12056	89	52	141
Test 12057	4	10	14
Test 12058	16	9	25
Test 12059	62	92	154
Test 12060	95	20	115
Test 12061	45	90	135
Test 12062	86	40	126
Test 12063	80	52	132
Test 12064	26	7	33
Test 12065	67	87	154
Test 12066	16	35	51
Test 12067	29	50	79
Test 12068	71	44	115
Test 12069	75	53	128
Test 12070	91	29	120
Test 12071	52	20	72
Test 12072	97	59	156
Test 12073	28	0	28
Test 12074	83	53	136
Test 12075	75	22	97
Test 12076	66	44	110
Test 12077	9	99	108
Test 12078	88	83	171
Test 12079	96	99	195
Test 12080	47	55	102
Test 12081	55	44	99
Test 12082	95	60	155
Test 12083	89	57	146
Test 12084	46	55	101
Test 12085	44	42	86
Test 12086	82	35	117
Test 12087	56	2	58
Test 12088	89	18	107
Test 12089	73	24	97
Test 12090	55	6	61
Test 12091	73	79	152
Test 12092	40	86	126
Test 12093	73	35	108
Test 12094	92	29	121
Test 12095	47	3	50
Test 12096	42	18	60
Test 12097	13	82	95
Test 12098	39	4	43
Test 12099	24	49	73
Test 12100	86	34	120
Test 12101	16	16	32
Test 12102	58	70	128
Test 12103	24	79	103
Test 12104	15	23	38
Test 12105	23	11	34
Test 12106	64	51	115
Test 12107	77	10	87
Test 12108	61	50	111
Test 12109	0	51	51
Test 12110	43	67	110
Test 12111	57	65	122
Test 12112	1	58	59
Test 12113	31	76	107
Test 12114	33	90	123
Test 12115	7	91	98
Test 12116	58	43	101
Test 12117	39	71	110
Test 12118	41	44	85
Test 12119	22	77	99
Test 12120	21	61	82
Test 12121	75	26	101
Test 12122	70	10	80
Test 12123	62	8	70
Test 12124	74	87	161
Test 12125	81	33	114
Test 12126	71	3	74
Test 12127	93	10	103
Test 12128	43	34	77
Test 12129	54	63	117
Test 12130	44	86	130
Test 12131	75	95	170
Test 12132	20	61	81
Test 12133	45	60	105
Test 12134	17	73	90
Test 12135	3	91	94
Test 12136	37	3	40
Test 12137	55	26	81
Test 12138	51	94	145
Test 12139	90	50	140
Test 12140	79	58	137
Test 12141	64	35	99
Test 12142	48	80	128
Test 12143	4	48	52
Test 12144	68	56	124
Test 12145	51	73	124
Test 12146	4	53	57
Test 12147	76	83	159
Test 12148	62	16	78
Test 12149	98	58	156
Test 12150	20	6	26
Test 12151	41	35	76
Test 12152	37	26	63
Test 12153	97	89	186
Test 12154	47	74	121
Test 12155	36	99	135
Test 12156	32	67	99
Test 12157	90	87	177
Test 12158	61	31	92
Test 12159	19	15	34
Test 12160	96	7	103
Test 12161	55	54	109
Test 12162	83	33	116
Test 12163	23	46	69
Test 12164	18	17	35
Test 12165	81	26	107
Test 12166	61	94	155
Test 12167	42	93	135
Test 12168	29	54	83
Test 12169	18	41	59
Test 12170	11	87	98
Test 12171	31	30	61
Test 12172	20	91	111
Test 12173	95	27	122
Test 12174	54	82	136
Test 12175	32	50	82
Test 12176	58	91	149
Test 12177	34	30	64
Test 12178	79	0	79
Test 12179	6	48	54
Test 12180	81	11	92
Test 12181	75	25	100
Test 12182	40	56	96
Test 12183	73	28	101
Test 12184	14	25	39
Test 12185	39	59	98
Test 12186	16	54	70
Test 12187	7	24	31
Test 12188	83	84	167
Test 12189	25	12	37
Test 12190	85	80	165
Test 12191	34	50	84
Test 12192	91	51	142
Test 12193	38	50	88
Test 12194	1	54	55
Test 12195	14	21	35
Test 12196	85	30	115
Test 12197	78	33	111
Test 12198	13	81	94
Test 12199	59	97	156
Test 12200	69	73	142
Test 12201	20	79	99
Test 12202	66	57	123
Test 12203	57	80	137
Test 12204	16	73	89
Test 12205	19	50	69
Test 12206	55	88	143
Test 12207	40	57	97
Test 12208	73	13	86
Test 12209	71	76	147
Test 12210	70	86	156
Test 12211	12	7	19
Test 12212	92	68	160
Test 12213	10	8	18
Test 12214	42	17	59
Test 12215	2	26	28
Test 12216	5	45	50
Test 12217	36	74	110
Test 12218	59	6	65
Test 12219	91	98	189
Test 12220	11	36	47
Test 12221	4	10	14
Test 12222	46	90	136
Test 12223	67	30	97
Test 12224	65	98	163
Test 12225	42	52	94
Test 12226	13	71	84
Test 12227	29	93	122
Test 12228	50	49	99
Test 12229	57	59	116
Test 12230	94	14	108
Test 12231	77	86	163
Test 12232	50	17	67
Test 12233	67	32	99
Test 12234	59	73	132
Test 12235	24	79	103
Test 12236	81	67	148
Test 12237	54	59	113
Test 12238	37	66	103
Test 12239	1	42	43
Test 12240	97	58	155
Test 12241	45	21	66
Test 12242	74	46	120
Test 12243	6	91	97
Test 12244	52	24	76
Test 12245	15	56	71
Test 12246	27	43	70
Test 12247	39	32	71
Test 12248	3	69	72
Test 12249	22	17	39
Test 12250	25	19	44
Test 12251	36	93	129
Test 12252	25	19	44
Test 12253	64	70	134
Test 12254	34	84	118
Test 12255	13	67	80
Test 12256	51	85	136
Test 12257	9	21	30
Test 12258	16	6	22
Test 12259	46	11	57
Test 12260	61	56	117
Test 12261	55	53	108
Test 12262	24	68	92
Test 12263	5	40	45
Test 12264	12	38	50
Test 12265	88	19	107
Test 12266	39	82	121
Test 12267	82	73	155
Test 12268	78	44	122
Test 12269	91	61	152
Test 12270	61	52	113
Test 12271	72	93	165
Test 12272	4	42	46
Test 12273	84	23	107
Test 12274	45	90	135
Test 12275	24	77	101
Test 12276	48	39	87
Test 12277	96	49	145
Test 12278	13	99	112
Test 12279	61	12	73
Test 12280	32	34	66
Test 12281	7	89	96
Test 12282	91	66	157
Test 12283	70	70	140
Test 12284	93	3	96
Test 12285	6	2	8
Test 12286	77	97	174
Test 12287	99	17	116
Test 12288	51	62	113
Test 12289	98	57	155
Test 12290	18	87	105
Test 12291	16	41	57
Test 12292	91	1	92
Test 12293	4	64	68
Test 12294	40	97	137
Test 12295	30	77	107
Test 12296	97	47	144
Test 12297	75	72	147
Test 12298	74	79	153
Test 12299	84	32	116
Test 12300	17	75	92
Test 12301	9	53	62
Test 12302	59	97	156
Test 12303	21	72	93
Test 12304	98	78	176
Test 12305	39	78	117
Test 12306	84	26	110
Test 12307	65	39	104
Test 12308	78	45	123
Test 12309	89	47	136
Test 12310	21	59	80
Test 12311	71	58	129
Test 12312	71	2	73
Test 12313	81	10	91
Test 12314	28	84	112
Test 12315	80	50	130
Test 12316	98	39	137
Test 12317	67	80	147
Test 12318	99	37	136
Test 12319	73	39	112
Test 12320	35	19	54
Test 12321	21	10	31
Test 12322	95	88	183
Test 12323	77	39	116
Test 12324	85	66	151
Test 12325	36	3	39
Test 12326	48	51	99
Test 12327	42	34	76
Test 12328	26	9	35
Test 12329	52	53	105
Test 12330	93	94	187
Test 12331	25	24	49
Test 12332	78	51	129
Test 12333	3	86	89
Test 12334	72	33	105
Test 12335	85	87	172
Test 12336	73	27	100
Test 12337	75	43	118
Test 12338	61	5	66
Test 12339	62	38	100
Test 12340	50	17	67
Test 12341	27	58	85
Test 12342	82	31	113
Test 12343	85	73	158
Test 12344	87	65	152
Test 12345	50	39	89
Test 12346	11	76	87
Test 12347	11	98	109
Test 12348	25	91	116
Test 12349	16	28	44
Test 12350	18	61	79
Test 12351	27	94	121
Test 12352	67	52	119
Test 12353	8	4	12
Test 12354	73	82	155
Test 12355	84	46	130
Test 12356	22	45	67
Test 12357	7	28	35
Test 12358	92	12	104
Test 12359	83	59	142
Test 12360	8	50	58
Test 12361	71	84	155
Test 12362	44	8	52
Test 12363	9	14	23
Test 12364	51	19	70
Test 12365	47	56	103
Test 12366	97	68	165
Test 12367	43	2	45
Test 12368	98	64	162
Test 12369	4	76	80
Test 12370	61	96	157
Test 12371	79	24	103
Test 12372	10	74	84
Test 12373	30	38	68
Test 12374	79	11	90
Test 12375	40	82	122
Test 12376	12	70	82
Test 12377	91	30	121
Test 12378	35	39	74
Test 12379	98	36	134
Test 12380	64	85	149
Test 12381	76	20	96
Test 12382	57	84	141
Test 12383	32	55	87
Test 12384	49	40	89
Test 12385	89	97	186
Test 12386	34	30	64
Test 12387	65	5	70
Test 12388	3	62	65
Test 12389	53	47	100
Test 12390	53	54	107
Test 12391	22	35	57
Test 12392	69	0	69
Test 12393	25	14	39
Test 12394	85	98	183
Test 12395	35	92	127
Test 12396	11	56	67
Test 12397	74	18	92
Test 12398	69	8	77
Test 12399	26	63	89
Test 12400	30	73	103
Test 12401	30	3	33
Test 12402	47	79	126
Test 12403	30	68	98
Test 12404	94	2	96
Test 12405	19	11	30
Test 12406	98	52	150
Test 12407	33	64	97
Test 12408	31	71	102
Test 12409	27	98	125
Test 12410	73	17	90
Test 12411	7	85	92
Test 12412	49	95	144
Test 12413	72	4	76
Test 12414	86	9	95
Test 12415	10	54	64
Test 12416	2	53	55
Test 12417	11	57	68
Test 12418	49	89	138
Test 12419	6	5	11
Test 12420	69	2	71
Test 12421	69	59	128
Test 12422	73	35	108
Test 12423	48	29	77
Test 12424	7	58	65
Test 12425	98	5	103
Test 12426	96	97	193
Test 12427	11	24	35
Test 12428	14	58	72
Test 12429	92	30	122
Test 12430	62	94	156
Test 12431	44	52	96
Test 12432	51	71	122
Test 12433	28	14	42
Test 12434	62	72	134
Test 12435	23	23	46
Test 12436	5	2	7
Test 12437	59	12	71
Test 12438	19	67	86
Test 12439	77	16	93
Test 12440	99	8	107
Test 12441	42	28	70
Test 12442	48	82	130
Test 12443	23	25	48
Test 12444	12	43	55
Test 12445	99	59	158
Test 12446	92	86	178
Test 12447	23	44	67
Test 12448	59	92	151
Test 12449	73	75	148
Test 12450	36	47	83
Test 12451	56	55	111
Test 12452	35	74	109
Test 12453	6	7	13
Test 12454	97	7	104
Test 12455	96	63	159
Test 12456	72	77	149
Test 12457	28	42	70
Test 12458	17	88	105
Test 12459	95	27	122
Test 12460	14	57	71
Test 12461	11	9	20
Test 12462	20	77	97
Test 12463	40	68	108
Test 12464	26	53	79
Test 12465	37	81	118
Test 12466	41	72	113
Test 12467	34	2	36
Test 12468	16	62	78
Test 12469	24	64	88
Test 12470	24	56	80
Test 12471	93	37	130
Test 12472	87	4	91
Test 12473	3	89	92
Test 12474	31	33	64
Test 12475	41	85	126
Test 12476	69	32	101
Test 12477	24	68	92
Test 12478	64	90	154
Test 12479	91	94	185
Test 12480	91	36	127
Test 12481	89	89	178
Test 12482	36	82	118
Test 12483	62	75	137
Test 12484	62	97	159
Test 12485	4	63	67
Test 12486	50	53	103
Test 12487	97	16	113
Test 12488	70	84	154
Test 12489	4	69	73
Test 12490	11	21	32
Test 12491	54	71	125
Test 12492	16	64	80
Test 12493	5	32	37
Test 12494	8	10	18
Test 12495	73	27	100
Test 12496	95	57	152
Test 12497	91	96	187
Test 12498	62	32	94
Test 12499	96	85	181
Test 12500	94	59	153
Test 12501	83	67	150
Test 12502	30	54	84
Test 12503	15	36	51
Test 12504	46	95	141
Test 12505	25	93	118
Test 12506	75	28	103
Test 12507	0	55	55
Test 12508	26	99	125
Test 12509	0	26	26
Test 12510	14	30	44
Test 12511	34	2	36
Test 12512	56	34	90
Test 12513	75	40	115
Test 12514	26	46	72
Test 12515	26	18	44
Test 12516	40	11	51
Test 12517	44	40	84
Test 12518	34	53	87
Test 12519	48	39	87
Test 12520	97	13	110
Test 12521	83	55	138
Test 12522	53	48	101
Test 12523	58	1	59
Test 12524	37	37	74
Test 12525	98	43	141
Test 12526	95	65	160
Test 12527	15	97	112
Test 12528	80	68	148
Test 12529	65	47	112
Test 12530	9	57	66
Test 12531	22	58	80
Test 12532	57	81	138
Test 12533	21	27	48
Test 12534	54	3	57
Test 12535	27	73	100
Test 12536	2	81	83
Test 12537	43	62	105
Test 12538	54	33	87
Test 12539	30	27	57
Test 12540	14	95	109
Test 12541	21	62	83
Test 12542	16	78	94
Test 12543	38	41	79
Test 12544	75	8	83
Test 12545	60	58	118
Test 12546	50	75	125
Test 12547	85	10	95
Test 12548	6	14	20
Test 12549	25	21	46
Test 12550	49	66	115
Test 12551	12	10	22
Test 12552	90	74	164
Test 12553	34	77	111
Test 12554	40	96	136
Test 12555	92	94	186
Test 12556	10	73	83
Test 12557	69	94	163
Test 12558	53	79	132
Test 12559	89	45	134
Test 12560	21	29	50
Test 12561	53	4	57
Test 12562	70	24	94
Test 12563	52	59	111
Test 12564	46	74	120
Test 12565	76	95	171
Test 12566	90	61	151
Test 12567	25	11	36
Test 12568	75	5	80
Test 12569	26	30	56
Test 12570	50	6	56
Test 12571	28	55	83
Test 12572	48	90	138
Test 12573	87	95	182
Test 12574	73	29	102
Test 12575	49	21	70
Test 12576	27	88	115
Test 12577	25	61	86
Test 12578	70	23	93
Test 12579	21	27	48
Test 12580	82	19	101
Test 12581	64	21	85
Test 12582	40	49	89
Test 12583	40	4	44
Test 12584	9	39	48
Test 12585	4	34	38
Test 12586	35	52	87
Test 12587	93	30	123
Test 12588	2	23	25
Test 12589	89	15	104
Test 12590	87	22	109
Test 12591	19	24	43
Test 12592	43	96	139
Test 12593	64	42	106
Test 12594	57	30	87
Test 12595	20	71	91
Test 12596	30	18	48
Test 12597	5	46	51
Test 12598	29	17	46
Test 12599	4	10	14
Test 12600	17	47	64
Test 12601	0	70	70
Test 12602	44	95	139
Test 12603	63	46	109
Test 12604	7	4	11
Test 12605	4	10	14
Test 12606	7	76	83
Test 12607	88	84	172
Test 12608	73	69	142
Test 12609	65	88	153
Test 12610	56	24	80
Test 12611	95	82	177
Test 12612	41	46	87
Test 12613	32	68	100
Test 12614	72	90	162
Test 12615	20	89	109
Test 12616	43	58	101
Test 12617	17	82	99
Test 12618	21	84	105
Test 12619	17	96	113
Test 12620	59	37	96
Test 12621	79	97	176
Test 12622	90	92	182
Test 12623	6	67	73
Test 12624	34	0	34
Test 12625	50	82	132
Test 12626	46	64	110
Test 12627	50	21	71
Test 12628	34	23	57
Test 12629	77	65	142
Test 12630	82	47	129
Test 12631	63	30	93
Test 12632	84	60	144
Test 12633	13	37	50
Test 12634	47	69	116
Test 12635	99	72	171
Test 12636	46	61	107
Test 12637	4	61	65
Test 12638	76	25	101
Test 12639	92	17	109
Test 12640	11	95	106
Test 12641	74	59	133
Test 12642	85	73	158
Test 12643	0	51	51
Test 12644	95	29	124
Test 12645	97	15	112
Test 12646	22	71	93
Test 12647	51	53	104
Test 12648	37	98	135
Test 12649	86	97	183
Test 12650	98	74	172
Test 12651	22	10	32
Test 12652	76	32	108
Test 12653	95	12	107
Test 12654	20	31	51
Test 12655	41	27	68
Test 12656	65	47	112
Test 12657	51	56	107
Test 12658	51	4	55
Test 12659	77	17	94
Test 12660	87	56	143
Test 12661	82	79	161
Test 12662	51	89	140
Test 12663	48	70	118
Test 12664	26	18	44
Test 12665	7	50	57
Test 12666	49	69	118
Test 12667	46	9	55
Test 12668	28	65	93
Test 12669	94	97	191
Test 12670	15	18	33
Test 12671	83	98	181
Test 12672	41	66	107
Test 12673	61	46	107
Test 12674	79	36	115
Test 12675	48	14	62
Test 12676	12	51	63
Test 12677	9	71	80
Test 12678	10	59	69
Test 12679	37	47	84
Test 12680	51	7	58
Test 12681	60	63	123
Test 12682	90	93	183
Test 12683	91	71	162
Test 12684	98	80	178
Test 12685	36	51	87
Test 12686	5	72	77
Test 12687	27	23	50
Test 12688	20	40	60
Test 12689	77	8	85
Test 12690	15	40	55
Test 12691	90	3	93
Test 12692	2	86	88
Test 12693	78	94	172
Test 12694	6	40	46
Test 12695	6	28	34
Test 12696	9	88	97
Test 12697	30	85	115
Test 12698	94	89	183
Test 12699	39	1	40
Test 12700	80	12	92
Test 12701	25	16	41
Test 12702	1	95	96
Test 12703	60	58	118
Test 12704	73	69	142
Test 12705	83	89	172
Test 12706	59	86	145
Test 12707	73	24	97
Test 12708	53	12	65
Test 12709	99	60	159
Test 12710	36	14	50
Test 12711	15	62	77
Test 12712	40	1	41
Test 12713	94	80	174
Test 12714	87	84	171
Test 12715	62	38	100
Test 12716	32	30	62
Test 12717	79	88	167
Test 12718	71	8	79
Test 12719	37	21	58
Test 12720	61	17	78
Test 12721	1	4	5
Test 12722	31	19	50
Test 12723	4	42	46
Test 12724	80	58	138
Test 12725	53	74	127
Test 12726	0	84	84
Test 12727	75	86	161
Test 12728	50	40	90
Test 12729	65	2	67
Test 12730	81	78	159
Test 12731	37	46	83
Test 12732	80	15	95
Test 12733	88	42	130
Test 12734	46	72	118
Test 12735	15	75	90
Test 12736	42	40	82
Test 12737	11	19	30
Test 12738	24	64	88
Test 12739	70	4	74
Test 12740	35	4	39
Test 12741	9	7	16
Test 12742	62	30	92
Test 12743	3	23	26
Test 12744	54	83	137
Test 12745	38	4	42
Test 12746	3	83	86
Test 12747	95	28	123
Test 12748	3	49	52
Test 12749	36	74	110
Test 12750	95	80	175
Test 12751	90	40	130
Test 12752	14	31	45
Test 12753	87	79	166
Test 12754	84	18	102
Test 12755	53	23	76
Test 12756	30	95	125
Test 12757	16	30	46
Test 12758	0	41	41
Test 12759	94	20	114
Test 12760	92	68	160
Test 12761	86	94	180
Test 12762	89	68	157
Test 12763	49	12	61
Test 12764	63	60	123
Test 12765	39	29	68
Test 12766	12	51	63
Test 12767	72	91	163
Test 12768	66	45	111
Test 12769	15	17	32
Test 12770	64	59	123
Test 12771	43	67	110
Test 12772	27	34	61
Test 12773	44	42	86
Test 12774	2	97	99
Test 12775	69	14	83
Test 12776	75	75	150
Test 12777	59	11	70
Test 12778	70	56	126
Test 12779	62	45	107
Test 12780	15	85	100
Test 12781	43	46	89
Test 12782	83	4	87
Test 12783	61	80	141
Test 12784	77	38	115
Test 12785	38	5	43
Test 12786	23	42	65
Test 12787	13	91	104
Test 12788	31	17	48
Test 12789	11	48	59
Test 12790	50	41	91
Test 12791	36	35	71
Test 12792	94	43	137
Test 12793	38	62	100
Test 12794	29	27	56
Test 12795	90	73	163
Test 12796	55	83	138
Test 12797	42	84	126
Test 12798	53	45	98
Test 12799	61	51	112
Test 12800	11	86	97
Test 12801	76	93	169
Test 12802	86	19	105
Test 12803	0	57	57
Test 12804	57	49	106
Test 12805	49	40	89
Test 12806	49	87	136
Test 12807	31	28	59
Test 12808	67	92	159
Test 12809	83	76	159
Test 12810	46	68	114
Test 12811	62	26	88
Test 12812	55	66	121
Test 12813	61	71	132
Test 12814	77	11	88
Test 12815	5	74	79
Test 12816	61	20	81
Test 12817	74	83	157
Test 12818	54	43	97
Test 12819	45	8	53
Test 12820	99	93	192
Test 12821	61	29	90
Test 12822	52	26	78
Test 12823	71	25	96
Test 12824	48	90	138
Test 12825	45	13	58
Test 12826	17	36	53
Test 12827	48	77	125
Test 12828	33	81	114
Test 12829	44	25	69
Test 12830	79	43	122
Test 12831	4	72	76
Test 12832	96	37	133
Test 12833	26	93	119
Test 12834	75	89	164
Test 12835	47	23	70
Test 12836	59	7	66
Test 12837	13	74	87
Test 12838	20	68	88
Test 12839	84	32	116
Test 12840	61	20	81
Test 12841	64	93	157
Test 12842	57	69	126
Test 12843	53	22	75
Test 12844	9	13	22
Test 12845	20	10	30
Test 12846	80	14	94
Test 12847	14	71	85
Test 12848	51	32	83
Test 12849	27	61	88
Test 12850	59	70	129
Test 12851	63	33	96
Test 12852	96	13	109
Test 12853	27	65	92
Test 12854	81	76	157
Test 12855	53	60	113
Test 12856	20	90	110
Test 12857	39	85	124
Test 12858	77	98	175
Test 12859	95	27	122
Test 12860	3	37	40
Test 12861	69	54	123
Test 12862	48	83	131
Test 12863	32	34	66
Test 12864	18	2	20
Test 12865	4	30	34
Test 12866	70	66	136
Test 12867	31	11	42
Test 12868	29	54	83
Test 12869	97	3	100
Test 12870	29	41	70
Test 12871	42	74	116
Test 12872	55	40	95
Test 12873	77	8	85
Test 12874	55	17	72
Test 12875	23	95	118
Test 12876	8	85	93
Test 12877	68	8	76
Test 12878	11	5	16
Test 12879	97	34	131
Test 12880	88	71	159
Test 12881	69	79	148
Test 12882	42	40	82
Test 12883	34	28	62
Test 12884	54	84	138
Test 12885	7	32	39
Test 12886	16	54	70
Test 12887	27	93	120
Test 12888	24	5	29
Test 12889	17	97	114
Test 12890	65	57	122
Test 12891	8	1	9
Test 12892	14	74	88
Test 12893	39	62	101
Test 12894	86	65	151
Test 12895	31	95	126
Test 12896	92	92	184
Test 12897	52	37	89
Test 12898	80	84	164
Test 12899	92	84	176
Test 12900	23	42	65
Test 12901	85	76	161
Test 12902	86	4	90
Test 12903	14	0	14
Test 12904	46	61	107
Test 12905	37	81	118
Test 12906	12	11	23
Test 12907	76	47	123
Test 12908	2	42	44
Test 12909	64	8	72
Test 12910	84	72	156
Test 12911	82	77	159
Test 12912	86	68	154
Test 12913	62	36	98
Test 12914	94	36	130
Test 12915	94	94	188
Test 12916	30	60	90
Test 12917	43	14	57
Test 12918	1	86	87
Test 12919	66	1	67
Test 12920	8	32	40
Test 12921	23	22	45
Test 12922	20	60	80
Test 12923	20	87	107
Test 12924	89	40	129
Test 12925	23	56	79
Test 12926	22	77	99
Test 12927	6	34	40
Test 12928	37	43	80
Test 12929	20	50	70
Test 12930	5	29	34
Test 12931	50	66	116
Test 12932	66	62	128
Test 12933	64	71	135
Test 12934	14	36	50
Test 12935	4	3	7
Test 12936	89	85	174
Test 12937	41	71	112
Test 12938	28	61	89
Test 12939	45	69	114
Test 12940	51	41	92
Test 12941	82	93	175
Test 12942	10	45	55
Test 12943	47	10	57
Test 12944	63	17	80
Test 12945	29	79	108
Test 12946	91	24	115
Test 12947	95	22	117
Test 12948	78	85	163
Test 12949	67	46	113
Test 12950	29	62	91
Test 12951	33	37	70
Test 12952	74	78	152
Test 12953	52	86	138
Test 12954	39	29	68
Test 12955	99	48	147
Test 12956	84	6	90
Test 12957	8	10	18
Test 12958	56	56	112
Test 12959	70	16	86
Test 12960	65	38	103
Test 12961	6	11	17
Test 12962	2	64	66
Test 12963	5	14	19
Test 12964	93	4	97
Test 12965	26	49	75
Test 12966	5	15	20
Test 12967	32	96	128
Test 12968	71	0	71
Test 12969	38	55	93
Test 12970	72	80	152
Test 12971	33	18	51
Test 12972	51	55	106
Test 12973	44	50	94
Test 12974	30	62	92
Test 12975	75	28	103
Test 12976	9	10	19
Test 12977	58	30	88
Test 12978	14	8	22
Test 12979	72	82	154
Test 12980	55	69	124
Test 12981	63	86	149
Test 12982	55	55	110
Test 12983	67	24	91
Test 12984	22	62	84
Test 12985	79	95	174
Test 12986	77	69	146
Test 12987	48	9	57
Test 12988	69	3	72
Test 12989	95	43	138
Test 12990	54	65	119
Test 12991	70	86	156
Test 12992	11	75	86
Test 12993	19	3	22
Test 12994	60	96	156
Test 12995	79	10	89
Test 12996	15	46	61
Test 12997	95	42	137
Test 12998	85	50	135
Test 12999	80	12	92
Test 13000	20	88	108
Test 13001	24	54	78
Test 13002	43	94	137
Test 13003	74	14	88
Test 13004	76	8	84
Test 13005	85	57	142
Test 13006	60	63	123
Test 13007	31	5	36
Test 13008	66	17	83
Test 13009	25	19	44
Test 13010	89	94	183
Test 13011	44	24	68
Test 13012	47	83	130
Test 13013	58	16	74
Test 13014	26	76	102
Test 13015	90	58	148
Test 13016	16	43	59
Test 13017	23	81	104
Test 13018	74	91	165
Test 13019	30	71	101
Test 13020	39	70	109
Test 13021	21	25	46
Test 13022	59	4	63
Test 13023	17	84	101
Test 13024	78	41	119
Test 13025	63	1	64
Test 13026	10	60	70
Test 13027	65	83	148
Test 13028	7	62	69
Test 13029	81	58	139
Test 13030	13	48	61
Test 13031	71	22	93
Test 13032	36	70	106
Test 13033	56	5	61
Test 13034	60	90	150
Test 13035	23	74	97
Test 13036	49	50	99
Test 13037	29	3	32
Test 13038	81	13	94
Test 13039	69	31	100
Test 13040	42	73	115
Test 13041	44	62	106
Test 13042	61	95	156
Test 13043	28	15	43
Test 13044	21	89	110
Test 13045	40	55	95
Test 13046	46	50	96
Test 13047	47	47	94
Test 13048	79	68	147
Test 13049	18	80	98
Test 13050	7	71	78
Test 13051	22	49	71
Test 13052	47	38	85
Test 13053	2	98	100
Test 13054	34	35	69
Test 13055	64	85	149
Test 13056	15	27	42
Test 13057	54	54	108
Test 13058	58	23	81
Test 13059	16	50	66
Test 13060	22	62	84
Test 13061	59	17	76
Test 13062	6	99	105
Test 13063	61	85	146
Test 13064	40	67	107
Test 13065	0	41	41
Test 13066	73	76	149
Test 13067	71	53	124
Test 13068	42	45	87
Test 13069	7	25	32
Test 13070	32	41	73
Test 13071	60	59	119
Test 13072	49	5	54
Test 13073	38	44	82
Test 13074	83	44	127
Test 13075	86	93	179
Test 13076	3	83	86
Test 13077	95	12	107
Test 13078	55	10	65
Test 13079	63	73	136
Test 13080	5	53	58
Test 13081	26	26	52
Test 13082	59	23	82
Test 13083	87	37	124
Test 13084	61	35	96
Test 13085	13	34	47
Test 13086	30	47	77
Test 13087	90	69	159
Test 13088	12	57	69
Test 13089	53	91	144
Test 13090	38	23	61
Test 13091	47	92	139
Test 13092	33	47	80
Test 13093	68	7	75
Test 13094	83	90	173
Test 13095	66	25	91
Test 13096	65	90	155
Test 13097	94	6	100
Test 13098	3	74	77
Test 13099	82	29	111
Test 13100	90	89	179
Test 13101	83	72	155
Test 13102	45	10	55
Test 13103	47	92	139
Test 13104	63	74	137
Test 13105	47	46	93
Test 13106	41	50	91
Test 13107	97	51	148
Test 13108	78	70	148
Test 13109	73	53	126
Test 13110	46	31	77
Test 13111	31	72	103
Test 13112	10	84	94
Test 13113	64	82	146
Test 13114	28	6	34
Test 13115	81	93	174
Test 13116	47	12	59
Test 13117	76	10	86
Test 13118	75	29	104
Test 13119	20	10	30
Test 13120	26	46	72
Test 13121	29	53	82
Test 13122	96	30	126
Test 13123	73	40	113
Test 13124	94	1	95
Test 13125	41	72	113
Test 13126	42	41	83
Test 13127	10	19	29
Test 13128	49	53	102
Test 13129	49	91	140
Test 13130	1	36	37
Test 13131	58	97	155
Test 13132	43	55	98
Test 13133	18	99	117
Test 13134	98	15	113
Test 13135	23	79	102
Test 13136	9	46	55
Test 13137	45	81	126
Test 13138	94	61	155
Test 13139	51	42	93
Test 13140	18	65	83
Test 13141	80	99	179
Test 13142	93	70	163
Test 13143	23	48	71
Test 13144	93	39	132
Test 13145	63	83	146
Test 13146	44	50	94
Test 13147	74	56	130
Test 13148	80	2	82
Test 13149	85	9	94
Test 13150	88	81	169
Test 13151	69	91	160
Test 13152	29	85	114
Test 13153	49	46	95
Test 13154	96	26	122
Test 13155	62	2	64
Test 13156	34	99	133
Test 13157	61	17	78
Test 13158	51	70	121
Test 13159	96	31	127
Test 13160	74	15	89
Test 13161	61	97	158
Test 13162	44	84	128
Test 13163	27	98	125
Test 13164	34	56	90
Test 13165	53	78	131
Test 13166	91	93	184
Test 13167	38	51	89
Test 13168	75	88	163
Test 13169	92	68	160
Test 13170	45	71	116
Test 13171	65	14	79
Test 13172	36	13	49
Test 13173	92	48	140
Test 13174	15	51	66
Test 13175	23	7	30
Test 13176	30	45	75
Test 13177	45	14	59
Test 13178	28	11	39
Test 13179	5	84	89
Test 13180	74	97	171
Test 13181	55	51	106
Test 13182	26	43	69
Test 13183	2	51	53
Test 13184	83	47	130
Test 13185	88	23	111
Test 13186	54	15	69
Test 13187	21	5	26
Test 13188	67	44	111
Test 13189	32	43	75
Test 13190	76	78	154
Test 13191	4	52	56
Test 13192	18	40	58
Test 13193	58	17	75
Test 13194	38	77	115
Test 13195	57	70	127
Test 13196	73	39	112
Test 13197	16	38	54
Test 13198	51	78	129
Test 13199	26	68	94
Test 13200	47	88	135
Test 13201	11	21	32
Test 13202	35	31	66
Test 13203	35	65	100
Test 13204	58	38	96
Test 13205	94	20	114
Test 13206	61	57	118
Test 13207	91	18	109
Test 13208	96	54	150
Test 13209	35	10	45
Test 13210	60	47	107
Test 13211	56	14	70
Test 13212	43	54	97
Test 13213	89	44	133
Test 13214	45	56	101
Test 13215	35	45	80
Test 13216	38	21	59
Test 13217	65	87	152
Test 13218	92	62	154
Test 13219	0	64	64
Test 13220	35	25	60
Test 13221	87	6	93
Test 13222	24	63	87
Test 13223	18	74	92
Test 13224	35	90	125
Test 13225	65	56	121
Test 13226	63	98	161
Test 13227	93	23	116
Test 13228	72	3	75
Test 13229	61	33	94
Test 13230	61	60	121
Test 13231	61	5	66
Test 13232	70	0	70
Test 13233	84	67	151
Test 13234	61	7	68
Test 13235	1	24	25
Test 13236	32	20	52
Test 13237	49	27	76
Test 13238	17	60	77
Test 13239	45	99	144
Test 13240	1	42	43
Test 13241	86	76	162
Test 13242	85	22	107
Test 13243	53	54	107
Test 13244	83	26	109
Test 13245	76	60	136
Test 13246	94	36	130
Test 13247	45	42	87
Test 13248	58	69	127
Test 13249	7	28	35
Test 13250	19	47	66
Test 13251	27	76	103
Test 13252	71	11	82
Test 13253	16	0	16
Test 13254	19	59	78
Test 13255	71	91	162
Test 13256	60	38	98
Test 13257	2	60	62
Test 13258	33	76	109
Test 13259	26	42	68
Test 13260	88	42	130
Test 13261	20	30	50
Test 13262	15	85	100
Test 13263	34	50	84
Test 13264	36	15	51
Test 13265	80	93	173
Test 13266	24	41	65
Test 13267	43	63	106
Test 13268	50	88	138
Test 13269	85	72	157
Test 13270	43	70	113
Test 13271	74	24	98
Test 13272	62	36	98
Test 13273	37	41	78
Test 13274	34	38	72
Test 13275	96	94	190
Test 13276	79	13	92
Test 13277	17	37	54
Test 13278	28	86	114
Test 13279	15	33	48
Test 13280	65	10	75
Test 13281	36	70	106
Test 13282	41	53	94
Test 13283	65	42	107
Test 13284	89	51	140
Test 13285	15	65	80
Test 13286	97	94	191
Test 13287	17	18	35
Test 13288	41	5	46
Test 13289	0	82	82
Test 13290	87	20	107
Test 13291	75	7	82
Test 13292	95	10	105
Test 13293	95	23	118
Test 13294	91	72	163
Test 13295	60	39	99
Test 13296	94	57	151
Test 13297	3	9	12
Test 13298	92	58	150
Test 13299	2	23	25
Test 13300	0	50	50
Test 13301	13	68	81
Test 13302	32	7	39
Test 13303	75	61	136
Test 13304	96	69	165
Test 13305	95	30	125
Test 13306	78	81	159
Test 13307	5	47	52
Test 13308	41	45	86
Test 13309	64	12	76
Test 13310	53	27	80
Test 13311	0	83	83
Test 13312	18	26	44
Test 13313	82	58	140
Test 13314	90	75	165
Test 13315	96	10	106
Test 13316	98	19	117
Test 13317	67	25	92
Test 13318	30	83	113
Test 13319	34	41	75
Test 13320	92	29	121
Test 13321	42	70	112
Test 13322	97	90	187
Test 13323	7	52	59
Test 13324	78	14	92
Test 13325	60	74	134
Test 13326	63	54	117
Test 13327	8	3	11
Test 13328	88	0	88
Test 13329	66	46	112
Test 13330	1	82	83
Test 13331	27	77	104
Test 13332	46	36	82
Test 13333	64	85	149
Test 13334	95	8	103
Test 13335	10	32	42
Test 13336	35	53	88
Test 13337	41	63	104
Test 13338	3	4	7
Test 13339	1	8	9
Test 13340	62	88	150
Test 13341	98	65	163
Test 13342	90	49	139
Test 13343	18	89	107
Test 13344	11	99	110
Test 13345	19	63	82
Test 13346	85	53	138
Test 13347	24	46	70
Test 13348	41	72	113
Test 13349	45	40	85
Test 13350	73	38	111
Test 13351	40	89	129
Test 13352	73	47	120
Test 13353	39	74	113
Test 13354	10	85	95
Test 13355	70	35	105
Test 13356	57	32	89
Test 13357	99	81	180
Test 13358	21	52	73
Test 13359	51	53	104
Test 13360	15	21	36
Test 13361	93	70	163
Test 13362	70	82	152
Test 13363	37	6	43
Test 13364	29	75	104
Test 13365	57	21	78
Test 13366	73	45	118
Test 13367	93	99	192
Test 13368	70	83	153
Test 13369	58	81	139
Test 13370	9	31	40
Test 13371	2	49	51
Test 13372	97	69	166
Test 13373	22	3	25
Test 13374	66	1	67
Test 13375	70	75	145
Test 13376	94	63	157
Test 13377	24	7	31
Test 13378	6	31	37
Test 13379	12	26	38
Test 13380	63	35	98
Test 13381	36	94	130
Test 13382	33	5	38
Test 13383	48	33	81
Test 13384	99	17	116
Test 13385	13	87	100
Test 13386	10	59	69
Test 13387	62	41	103
Test 13388	27	57	84
Test 13389	65	60	125
Test 13390	33	66	99
Test 13391	51	81	132
Test 13392	17	59	76
Test 13393	43	27	70
Test 13394	45	51	96
Test 13395	27	12	39
Test 13396	92	90	182
Test 13397	88	0	88
Test 13398	69	78	147
Test 13399	2	70	72
Test 13400	19	61	80
Test 13401	91	95	186
Test 13402	34	83	117
Test 13403	55	25	80
Test 13404	79	34	113
Test 13405	83	62	145
Test 13406	29	89	118
Test 13407	79	8	87
Test 13408	25	92	117
Test 13409	74	26	100
Test 13410	8	45	53
Test 13411	38	59	97
Test 13412	94	11	105
Test 13413	0	3	3
Test 13414	73	27	100
Test 13415	37	6	43
Test 13416	65	50	115
Test 13417	25	4	29
Test 13418	6	61	67
Test 13419	16	7	23
Test 13420	38	60	98
Test 13421	63	69	132
Test 13422	16	95	111
Test 13423	58	91	149
Test 13424	87	24	111
Test 13425	56	10	66
Test 13426	72	95	167
Test 13427	80	46	126
Test 13428	35	25	60
Test 13429	48	88	136
Test 13430	7	31	38
Test 13431	16	40	56
Test 13432	20	53	73
Test 13433	26	57	83
Test 13434	10	30	40
Test 13435	85	18	103
Test 13436	45	28	73
Test 13437	21	29	50
Test 13438	94	14	108
Test 13439	55	40	95
Test 13440	43	5	48
Test 13441	46	46	92
Test 13442	50	29	79
Test 13443	78	28	106
Test 13444	72	22	94
Test 13445	42	50	92
Test 13446	28	34	62
Test 13447	47	53	100
Test 13448	5	82	87
Test 13449	12	12	24
Test 13450	43	5	48
Test 13451	15	74	89
Test 13452	82	84	166
Test 13453	59	41	100
Test 13454	45	77	122
Test 13455	44	49	93
Test 13456	8	4	12
Test 13457	35	54	89
Test 13458	87	59	146
Test 13459	15	67	82
Test 13460	89	95	184
Test 13461	59	46	105
Test 13462	20	91	111
Test 13463	69	49	118
Test 13464	47	57	104
Test 13465	94	65	159
Test 13466	33	73	106
Test 13467	68	98	166
Test 13468	97	0	97
Test 13469	38	0	38
Test 13470	2	22	24
Test 13471	94	75	169
Test 13472	65	1	66
Test 13473	62	89	151
Test 13474	51	51	102
Test 13475	12	63	75
Test 13476	75	66	141
Test 13477	17	39	56
Test 13478	56	51	107
Test 13479	6	3	9
Test 13480	70	55	125
Test 13481	60	98	158
Test 13482	45	53	98
Test 13483	32	64	96
Test 13484	17	64	81
Test 13485	15	55	70
Test 13486	78	64	142
Test 13487	56	67	123
Test 13488	14	20	34
Test 13489	38	53	91
Test 13490	38	74	112
Test 13491	57	25	82
Test 13492	23	51	74
Test 13493	41	96	137
Test 13494	60	33	93
Test 13495	43	65	108
Test 13496	55	14	69
Test 13497	8	81	89
Test 13498	66	45	111
Test 13499	38	11	49
Test 13500	88	29	117
Test 13501	95	56	151
Test 13502	17	91	108
Test 13503	89	58	147
Test 13504	15	15	30
Test 13505	52	5	57
Test 13506	72	73	145
Test 13507	57	35	92
Test 13508	90	3	93
Test 13509	61	85	146
Test 13510	9	40	49
Test 13511	76	67	143
Test 13512	33	36	69
Test 13513	93	90	183
Test 13514	72	40	112
Test 13515	93	76	169
Test 13516	15	67	82
Test 13517	47	19	66
Test 13518	12	12	24
Test 13519	91	4	95
Test 13520	79	93	172
Test 13521	8	2	10
Test 13522	26	28	54
Test 13523	31	63	94
Test 13524	65	90	155
Test 13525	6	21	27
Test 13526	29	70	99
Test 13527	76	96	172
Test 13528	44	29	73
Test 13529	11	87	98
Test 13530	65	38	103
Test 13531	9	93	102
Test 13532	26	85	111
Test 13533	34	65	99
Test 13534	39	35	74
Test 13535	71	94	165
Test 13536	65	1	66
Test 13537	35	28	63
Test 13538	26	33	59
Test 13539	26	71	97
Test 13540	1	67	68
Test 13541	37	17	54
Test 13542	31	61	92
Test 13543	29	61	90
Test 13544	23	55	78
Test 13545	96	16	112
Test 13546	11	7	18
Test 13547	62	17	79
Test 13548	30	56	86
Test 13549	10	90	100
Test 13550	61	0	61
Test 13551	10	96	106
Test 13552	21	38	59
Test 13553	21	65	86
Test 13554	81	62	143
Test 13555	83	58	141
Test 13556	57	70	127
Test 13557	67	81	148
Test 13558	42	30	72
Test 13559	95	28	123
Test 13560	57	22	79
Test 13561	62	55	117
Test 13562	28	59	87
Test 13563	29	9	38
Test 13564	9	3	12
Test 13565	25	8	33
Test 13566	47	35	82
Test 13567	81	87	168
Test 13568	19	42	61
Test 13569	35	52	87
Test 13570	3	57	60
Test 13571	11	7	18
Test 13572	3	4	7
Test 13573	20	15	35
Test 13574	80	57	137
Test 13575	39	53	92
Test 13576	74	71	145
Test 13577	54	90	144
Test 13578	89	70	159
Test 13579	63	51	114
Test 13580	95	91	186
Test 13581	6	15	21
Test 13582	60	74	134
Test 13583	56	9	65
Test 13584	48	89	137
Test 13585	60	73	133
Test 13586	47	96	143
Test 13587	25	71	96
Test 13588	33	62	95
Test 13589	83	66	149
Test 13590	13	53	66
Test 13591	81	79	160
Test 13592	94	11	105
Test 13593	43	45	88
Test 13594	71	7	78
Test 13595	53	17	70
Test 13596	84	91	175
Test 13597	38	35	73
Test 13598	64	95	159
Test 13599	58	11	69
Test 13600	2	80	82
Test 13601	19	44	63
Test 13602	35	93	128
Test 13603	86	51	137
Test 13604	43	29	72
Test 13605	95	70	165
Test 13606	75	73	148
Test 13607	14	35	49
Test 13608	11	56	67
Test 13609	26	26	52
Test 13610	13	10	23
Test 13611	11	75	86
Test 13612	41	37	78
Test 13613	21	89	110
Test 13614	92	18	110
Test 13615	17	20	37
Test 13616	13	37	50
Test 13617	16	34	50
Test 13618	9	71	80
Test 13619	4	29	33
Test 13620	18	22	40
Test 13621	24	61	85
Test 13622	61	18	79
Test 13623	51	92	143
Test 13624	53	4	57
Test 13625	84	34	118
Test 13626	29	75	104
Test 13627	48	52	100
Test 13628	30	59	89
Test 13629	37	38	75
Test 13630	45	25	70
Test 13631	58	97	155
Test 13632	90	77	167
Test 13633	59	68	127
Test 13634	70	69	139
Test 13635	45	79	124
Test 13636	84	15	99
Test 13637	87	63	150
Test 13638	70	85	155
Test 13639	35	25	60
Test 13640	52	15	67
Test 13641	32	76	108
Test 13642	27	90	117
Test 13643	80	18	98
Test 13644	45	12	57
Test 13645	80	53	133
Test 13646	43	44	87
Test 13647	2	19	21
Test 13648	1	8	9
Test 13649	11	81	92
Test 13650	34	24	58
Test 13651	0	37	37
Test 13652	61	93	154
Test 13653	57	47	104
Test 13654	46	94	140
Test 13655	73	37	110
Test 13656	3	36	39
Test 13657	27	61	88
Test 13658	80	80	160
Test 13659	17	45	62
Test 13660	66	74	140
Test 13661	3	58	61
Test 13662	2	47	49
Test 13663	95	50	145
Test 13664	57	96	153
Test 13665	16	44	60
Test 13666	83	80	163
Test 13667	57	56	113
Test 13668	93	2	95
Test 13669	12	77	89
Test 13670	49	70	119
Test 13671	38	83	121
Test 13672	38	23	61
Test 13673	76	88	164
Test 13674	5	96	101
Test 13675	89	72	161
Test 13676	3	51	54
Test 13677	32	4	36
Test 13678	80	15	95
Test 13679	46	38	84
Test 13680	44	55	99
Test 13681	51	42	93
Test 13682	38	84	122
Test 13683	39	8	47
Test 13684	78	23	101
Test 13685	67	18	85
Test 13686	32	11	43
Test 13687	96	54	150
Test 13688	73	13	86
Test 13689	99	7	106
Test 13690	97	16	113
Test 13691	51	58	109
Test 13692	83	40	123
Test 13693	84	9	93
Test 13694	35	23	58
Test 13695	6	94	100
Test 13696	51	8	59
Test 13697	56	28	84
Test 13698	9	96	105
Test 13699	46	81	127
Test 13700	60	37	97
Test 13701	57	30	87
Test 13702	50	91	141
Test 13703	2	66	68
Test 13704	89	88	177
Test 13705	88	94	182
Test 13706	65	98	163
Test 13707	20	37	57
Test 13708	18	2	20
Test 13709	63	36	99
Test 13710	56	86	142
Test 13711	39	7	46
Test 13712	54	76	130
Test 13713	95	26	121
Test 13714	85	93	178
Test 13715	49	18	67
Test 13716	38	19	57
Test 13717	95	30	125
Test 13718	69	66	135
Test 13719	15	7	22
Test 13720	70	91	161
Test 13721	24	85	109
Test 13722	25	31	56
Test 13723	3	50	53
Test 13724	6	1	7
Test 13725	61	33	94
Test 13726	5	19	24
Test 13727	46	35	81
Test 13728	89	28	117
Test 13729	86	15	101
Test 13730	96	93	189
Test 13731	4	54	58
Test 13732	32	28	60
Test 13733	83	35	118
Test 13734	12	8	20
Test 13735	83	93	176
Test 13736	85	40	125
Test 13737	92	24	116
Test 13738	1	47	48
Test 13739	51	99	150
Test 13740	28	40	68
Test 13741	26	7	33
Test 13742	36	72	108
Test 13743	80	32	112
Test 13744	84	65	149
Test 13745	62	50	112
Test 13746	5	57	62
Test 13747	18	90	108
Test 13748	60	17	77
Test 13749	3	73	76
Test 13750	2	43	45
Test 13751	55	74	129
Test 13752	23	80	103
Test 13753	51	74	125
Test 13754	76	32	108
Test 13755	96	61	157
Test 13756	73	73	146
Test 13757	47	74	121
Test 13758	21	76	97
Test 13759	5	53	58
Test 13760	83	70	153
Test 13761	14	76	90
Test 13762	87	22	109
Test 13763	20	72	92
Test 13764	80	39	119
Test 13765	50	81	131
Test 13766	46	17	63
Test 13767	54	52	106
Test 13768	70	48	118
Test 13769	1	41	42
Test 13770	52	88	140
Test 13771	25	33	58
Test 13772	51	10	61
Test 13773	99	26	125
Test 13774	53	47	100
Test 13775	57	96	153
Test 13776	19	78	97
Test 13777	50	75	125
Test 13778	33	12	45
Test 13779	98	2	100
Test 13780	40	82	122
Test 13781	62	63	125
Test 13782	9	66	75
Test 13783	82	53	135
Test 13784	48	67	115
Test 13785	10	62	72
Test 13786	61	10	71
Test 13787	39	31	70
Test 13788	46	98	144
Test 13789	9	83	92
Test 13790	58	25	83
Test 13791	46	20	66
Test 13792	90	30	120
Test 13793	40	5	45
Test 13794	32	81	113
Test 13795	38	51	89
Test 13796	89	93	182
Test 13797	73	42	115
Test 13798	36	14	50
Test 13799	82	12	94
Test 13800	82	56	138
Test 13801	34	3	37
Test 13802	87	0	87
Test 13803	36	25	61
Test 13804	51	96	147
Test 13805	75	68	143
Test 13806	85	57	142
Test 13807	52	95	147
Test 13808	82	30	112
Test 13809	86	75	161
Test 13810	87	26	113
Test 13811	22	16	38
Test 13812	5	31	36
Test 13813	73	67	140
Test 13814	59	74	133
Test 13815	38	2	40
Test 13816	44	70	114
Test 13817	96	24	120
Test 13818	36	99	135
Test 13819	88	32	120
Test 13820	43	23	66
Test 13821	15	48	63
Test 13822	0	15	15
Test 13823	76	40	116
Test 13824	86	96	182
Test 13825	66	6	72
Test 13826	12	37	49
Test 13827	39	66	105
Test 13828	74	12	86
Test 13829	97	15	112
Test 13830	56	80	136
Test 13831	25	81	106
Test 13832	11	50	61
Test 13833	60	51	111
Test 13834	18	62	80
Test 13835	43	28	71
Test 13836	40	10	50
Test 13837	65	17	82
Test 13838	62	67	129
Test 13839	71	84	155
Test 13840	73	15	88
Test 13841	6	34	40
Test 13842	55	19	74
Test 13843	48	39	87
Test 13844	90	81	171
Test 13845	4	49	53
Test 13846	95	19	114
Test 13847	2	94	96
Test 13848	9	14	23
Test 13849	69	18	87
Test 13850	79	47	126
Test 13851	16	38	54
Test 13852	98	8	106
Test 13853	4	39	43
Test 13854	2	69	71
Test 13855	36	16	52
Test 13856	61	81	142
Test 13857	33	97	130
Test 13858	3	49	52
Test 13859	51	25	76
Test 13860	14	77	91
Test 13861	1	72	73
Test 13862	24	95	119
Test 13863	56	73	129
Test 13864	73	45	118
Test 13865	67	18	85
Test 13866	40	46	86
Test 13867	9	33	42
Test 13868	94	13	107
Test 13869	34	28	62
Test 13870	87	27	114
Test 13871	94	62	156
Test 13872	32	52	84
Test 13873	49	62	111
Test 13874	18	7	25
Test 13875	29	2	31
Test 13876	40	24	64
Test 13877	53	38	91
Test 13878	49	92	141
Test 13879	78	6	84
Test 13880	83	31	114
Test 13881	90	13	103
Test 13882	92	26	118
Test 13883	17	9	26
Test 13884	43	49	92
Test 13885	83	93	176
Test 13886	84	66	150
Test 13887	18	44	62
Test 13888	49	78	127
Test 13889	84	40	124
Test 13890	52	37	89
Test 13891	79	60	139
Test 13892	24	16	40
Test 13893	29	50	79
Test 13894	67	75	142
Test 13895	8	5	13
Test 13896	23	98	121
Test 13897	52	69	121
Test 13898	92	27	119
Test 13899	66	72	138
Test 13900	2	55	57
Test 13901	63	18	81
Test 13902	1	72	73
Test 13903	59	74	133
Test 13904	21	54	75
Test 13905	82	36	118
Test 13906	92	82	174
Test 13907	11	71	82
Test 13908	33	26	59
Test 13909	44	28	72
Test 13910	72	76	148
Test 13911	0	29	29
Test 13912	15	91	106
Test 13913	77	36	113
Test 13914	23	55	78
Test 13915	33	5	38
Test 13916	14	41	55
Test 13917	51	12	63
Test 13918	45	48	93
Test 13919	9	24	33
Test 13920	71	44	115
Test 13921	51	95	146
Test 13922	86	59	145
Test 13923	61	51	112
Test 13924	39	11	50
Test 13925	36	56	92
Test 13926	24	35	59
Test 13927	54	24	78
Test 13928	78	53	131
Test 13929	46	60	106
Test 13930	45	32	77
Test 13931	3	43	46
Test 13932	34	43	77
Test 13933	29	83	112
Test 13934	48	34	82
Test 13935	67	37	104
Test 13936	41	26	67
Test 13937	55	71	126
Test 13938	99	0	99
Test 13939	49	72	121
Test 13940	39	46	85
Test 13941	36	97	133
Test 13942	95	17	112
Test 13943	74	3	77
Test 13944	56	50	106
Test 13945	82	44	126
Test 13946	19	55	74
Test 13947	3	25	28
Test 13948	91	51	142
Test 13949	41	93	134
Test 13950	7	48	55
Test 13951	52	7	59
Test 13952	12	11	23
Test 13953	68	3	71
Test 13954	46	28	74
Test 13955	56	64	120
Test 13956	29	40	69
Test 13957	73	99	172
Test 13958	67	78	145
Test 13959	96	51	147
Test 13960	77	97	174
Test 13961	51	28	79
Test 13962	17	99	116
Test 13963	77	62	139
Test 13964	40	33	73
Test 13965	15	32	47
Test 13966	92	88	180
Test 13967	6	0	6
Test 13968	62	84	146
Test 13969	69	11	80
Test 13970	61	9	70
Test 13971	55	57	112
Test 13972	92	92	184
Test 13973	70	54	124
Test 13974	17	25	42
Test 13975	34	73	107
Test 13976	78	26	104
Test 13977	1	30	31
Test 13978	2	31	33
Test 13979	38	73	111
Test 13980	48	28	76
Test 13981	95	77	172
Test 13982	79	51	130
Test 13983	46	56	102
Test 13984	22	15	37
Test 13985	5	92	97
Test 13986	40	37	77
Test 13987	48	28	76
Test 13988	43	30	73
Test 13989	84	56	140
Test 13990	47	5	52
Test 13991	96	56	152
Test 13992	60	55	115
Test 13993	14	1	15
Test 13994	6	71	77
Test 13995	56	40	96
Test 13996	67	47	114
Test 13997	46	60	106
Test 13998	37	23	60
Test 13999	11	18	29
Test 14000	90	98	188
Test 14001	82	49	131
Test 14002	18	92	110
Test 14003	66	80	146
Test 14004	94	87	181
Test 14005	28	10	38
Test 14006	9	0	9
Test 14007	29	82	111
Test 14008	14	4	18
Test 14009	3	42	45
Test 14010	67	67	134
Test 14011	27	40	67
Test 14012	43	29	72
Test 14013	62	30	92
Test 14014	48	74	122
Test 14015	56	45	101
Test 14016	35	54	89
Test 14017	36	6	42
Test 14018	26	28	54
Test 14019	76	25	101
Test 14020	69	52	121
Test 14021	38	46	84
Test 14022	66	53	119
Test 14023	21	55	76
Test 14024	71	5	76
Test 14025	15	33	48
Test 14026	62	10	72
Test 14027	81	81	162
Test 14028	9	16	25
Test 14029	48	29	77
Test 14030	81	34	115
Test 14031	40	59	99
Test 14032	52	66	118
Test 14033	28	67	95
Test 14034	75	42	117
Test 14035	42	5	47
Test 14036	41	72	113
Test 14037	28	74	102
Test 14038	54	85	139
Test 14039	36	76	112
Test 14040	28	61	89
Test 14041	85	31	116
Test 14042	10	63	73
Test 14043	62	23	85
Test 14044	22	76	98
Test 14045	13	45	58
Test 14046	96	70	166
Test 14047	60	69	129
Test 14048	21	75	96
Test 14049	19	58	77
Test 14050	21	70	91
Test 14051	98	11	109
Test 14052	24	24	48
Test 14053	80	48	128
Test 14054	78	59	137
Test 14055	15	32	47
Test 14056	92	9	101
Test 14057	89	70	159
Test 14058	65	38	103
Test 14059	55	8	63
Test 14060	75	47	122
Test 14061	28	93	121
Test 14062	1	42	43
Test 14063	81	30	111
Test 14064	6	9	15
Test 14065	69	8	77
Test 14066	66	59	125
Test 14067	81	41	122
Test 14068	76	30	106
Test 14069	35	74	109
Test 14070	6	33	39
Test 14071	93	39	132
Test 14072	7	17	24
Test 14073	55	32	87
Test 14074	77	82	159
Test 14075	84	61	145
Test 14076	55	34	89
Test 14077	95	68	163
Test 14078	41	62	103
Test 14079	12	86	98
Test 14080	60	77	137
Test 14081	15	18	33
Test 14082	29	72	101
Test 14083	68	60	128
Test 14084	70	52	122
Test 14085	9	26	35
Test 14086	6	49	55
Test 14087	98	88	186
Test 14088	95	89	184
Test 14089	69	32	101
Test 14090	45	6	51
Test 14091	55	16	71
Test 14092	84	16	100
Test 14093	88	28	116
Test 14094	47	34	81
Test 14095	78	35	113
Test 14096	76	89	165
Test 14097	73	68	141
Test 14098	55	68	123
Test 14099	70	96	166
Test 14100	67	30	97
Test 14101	8	4	12
Test 14102	72	17	89
Test 14103	59	56	115
Test 14104	79	12	91
Test 14105	38	58	96
Test 14106	40	31	71
Test 14107	68	0	68
Test 14108	94	17	111
Test 14109	99	49	148
Test 14110	3	97	100
Test 14111	36	87	123
Test 14112	39	47	86
Test 14113	21	11	32
Test 14114	0	15	15
Test 14115	44	36	80
Test 14116	55	91	146
Test 14117	80	96	176
Test 14118	95	44	139
Test 14119	91	14	105
Test 14120	24	5	29
Test 14121	54	30	84
Test 14122	17	77	94
Test 14123	74	49	123
Test 14124	90	83	173
Test 14125	58	5	63
Test 14126	82	38	120
Test 14127	88	49	137
Test 14128	20	58	78
Test 14129	7	9	16
Test 14130	49	72	121
Test 14131	50	61	111
Test 14132	4	6	10
Test 14133	57	94	151
Test 14134	26	46	72
Test 14135	2	97	99
Test 14136	54	9	63
Test 14137	6	23	29
Test 14138	97	64	161
Test 14139	14	80	94
Test 14140	52	19	71
Test 14141	57	25	82
Test 14142	96	29	125
Test 14143	42	87	129
Test 14144	79	17	96
Test 14145	34	51	85
Test 14146	12	13	25
Test 14147	25	82	107
Test 14148	74	27	101
Test 14149	34	3	37
Test 14150	81	6	87
Test 14151	62	85	147
Test 14152	97	78	175
Test 14153	2	98	100
Test 14154	43	53	96
Test 14155	83	95	178
Test 14156	22	37	59
Test 14157	51	74	125
Test 14158	23	13	36
Test 14159	61	28	89
Test 14160	9	23	32
Test 14161	69	11	80
Test 14162	48	18	66
Test 14163	13	15	28
Test 14164	35	53	88
Test 14165	40	8	48
Test 14166	40	23	63
Test 14167	8	28	36
Test 14168	95	18	113
Test 14169	33	98	131
Test 14170	99	9	108
Test 14171	85	46	131
Test 14172	20	66	86
Test 14173	62	14	76
Test 14174	41	26	67
Test 14175	69	38	107
Test 14176	81	47	128
Test 14177	36	97	133
Test 14178	76	98	174
Test 14179	3	48	51
Test 14180	59	92	151
Test 14181	49	34	83
Test 14182	87	96	183
Test 14183	1	89	90
Test 14184	43	21	64
Test 14185	49	59	108
Test 14186	24	3	27
Test 14187	19	19	38
Test 14188	60	63	123
Test 14189	54	83	137
Test 14190	32	68	100
Test 14191	41	33	74
Test 14192	41	47	88
Test 14193	30	33	63
Test 14194	8	98	106
Test 14195	24	59	83
Test 14196	9	48	57
Test 14197	75	63	138
Test 14198	44	13	57
Test 14199	18	43	61
Test 14200	5	50	55
Test 14201	77	79	156
Test 14202	97	24	121
Test 14203	47	92	139
Test 14204	91	96	187
Test 14205	19	53	72
Test 14206	10	0	10
Test 14207	50	73	123
Test 14208	1	33	34
Test 14209	10	33	43
Test 14210	69	27	96
Test 14211	50	26	76
Test 14212	98	99	197
Test 14213	18	48	66
Test 14214	49	62	111
Test 14215	13	71	84
Test 14216	48	12	60
Test 14217	52	8	60
Test 14218	9	40	49
Test 14219	99	8	107
Test 14220	29	30	59
Test 14221	31	16	47
Test 14222	9	6	15
Test 14223	99	85	184
Test 14224	80	68	148
Test 14225	17	9	26
Test 14226	41	70	111
Test 14227	63	75	138
Test 14228	58	5	63
Test 14229	82	78	160
Test 14230	17	49	66
Test 14231	88	28	116
Test 14232	52	93	145
Test 14233	88	89	177
Test 14234	23	71	94
Test 14235	54	20	74
Test 14236	24	68	92
Test 14237	12	41	53
Test 14238	93	64	157
Test 14239	7	73	80
Test 14240	49	38	87
Test 14241	73	72	145
Test 14242	91	20	111
Test 14243	22	30	52
Test 14244	68	3	71
Test 14245	53	40	93
Test 14246	61	51	112
Test 14247	50	4	54
Test 14248	44	76	120
Test 14249	60	25	85
Test 14250	34	5	39
Test 14251	61	52	113
Test 14252	17	15	32
Test 14253	60	58	118
Test 14254	29	93	122
Test 14255	85	48	133
Test 14256	14	41	55
Test 14257	5	64	69
Test 14258	30	3	33
Test 14259	95	4	99
Test 14260	98	41	139
Test 14261	46	40	86
Test 14262	89	55	144
Test 14263	74	46	120
Test 14264	7	14	21
Test 14265	35	1	36
Test 14266	85	24	109
Test 14267	43	31	74
Test 14268	27	87	114
Test 14269	1	20	21
Test 14270	85	11	96
Test 14271	64	56	120
Test 14272	13	53	66
Test 14273	42	88	130
Test 14274	46	16	62
Test 14275	93	82	175
Test 14276	6	87	93
Test 14277	11	17	28
Test 14278	50	48	98
Test 14279	51	91	142
Test 14280	8	1	9
Test 14281	4	16	20
Test 14282	87	83	170
Test 14283	26	40	66
Test 14284	27	41	68
Test 14285	93	86	179
Test 14286	89	55	144
Test 14287	10	26	36
Test 14288	44	13	57
Test 14289	47	61	108
Test 14290	76	54	130
Test 14291	67	54	121
Test 14292	56	81	137
Test 14293	10	8	18
Test 14294	79	92	171
Test 14295	43	46	89
Test 14296	10	84	94
Test 14297	65	89	154
Test 14298	95	92	187
Test 14299	64	36	100
Test 14300	61	59	120
Test 14301	49	80	129
Test 14302	7	25	32
Test 14303	92	99	191
Test 14304	8	80	88
Test 14305	19	72	91
Test 14306	50	60	110
Test 14307	13	34	47
Test 14308	92	70	162
Test 14309	50	16	66
Test 14310	69	40	109
Test 14311	19	85	104
Test 14312	95	80	175
Test 14313	14	67	81
Test 14314	93	49	142
Test 14315	86	90	176
Test 14316	40	45	85
Test 14317	35	81	116
Test 14318	91	90	181
Test 14319	46	98	144
Test 14320	91	15	106
Test 14321	23	64	87
Test 14322	68	57	125
Test 14323	28	34	62
Test 14324	23	77	100
Test 14325	90	28	118
Test 14326	55	42	97
Test 14327	8	96	104
Test 14328	69	33	102
Test 14329	82	3	85
Test 14330	22	78	100
Test 14331	31	96	127
Test 14332	79	76	155
Test 14333	62	82	144
Test 14334	43	8	51
Test 14335	75	71	146
Test 14336	50	35	85
Test 14337	3	13	16
Test 14338	59	9	68
Test 14339	89	17	106
Test 14340	70	50	120
Test 14341	2	30	32
Test 14342	23	99	122
Test 14343	20	37	57
Test 14344	91	73	164
Test 14345	71	39	110
Test 14346	29	25	54
Test 14347	18	97	115
Test 14348	18	70	88
Test 14349	61	75	136
Test 14350	45	18	63
Test 14351	60	70	130
Test 14352	40	85	125
Test 14353	11	36	47
Test 14354	71	54	125
Test 14355	73	11	84
Test 14356	28	59	87
Test 14357	11	79	90
Test 14358	22	98	120
Test 14359	92	49	141
Test 14360	72	22	94
Test 14361	54	63	117
Test 14362	60	51	111
Test 14363	96	84	180
Test 14364	81	13	94
Test 14365	62	14	76
Test 14366	9	40	49
Test 14367	0	7	7
Test 14368	53	87	140
Test 14369	27	0	27
Test 14370	32	73	105
Test 14371	96	4	100
Test 14372	83	59	142
Test 14373	80	69	149
Test 14374	14	98	112
Test 14375	3	72	75
Test 14376	98	95	193
Test 14377	64	71	135
Test 14378	62	81	143
Test 14379	26	10	36
Test 14380	20	85	105
Test 14381	42	5	47
Test 14382	95	48	143
Test 14383	65	52	117
Test 14384	94	11	105
Test 14385	92	54	146
Test 14386	53	34	87
Test 14387	11	90	101
Test 14388	45	7	52
Test 14389	80	49	129
Test 14390	24	98	122
Test 14391	9	23	32
Test 14392	31	48	79
Test 14393	44	92	136
Test 14394	38	56	94
Test 14395	52	75	127
Test 14396	97	64	161
Test 14397	86	65	151
Test 14398	42	55	97
Test 14399	78	97	175
Test 14400	58	13	71
Test 14401	24	58	82
Test 14402	5	67	72
Test 14403	5	9	14
Test 14404	40	50	90
Test 14405	4	46	50
Test 14406	17	50	67
Test 14407	50	80	130
Test 14408	32	31	63
Test 14409	93	27	120
Test 14410	11	41	52
Test 14411	0	33	33
Test 14412	51	23	74
Test 14413	12	14	26
Test 14414	74	69	143
Test 14415	4	66	70
Test 14416	64	3	67
Test 14417	69	51	120
Test 14418	26	12	38
Test 14419	65	25	90
Test 14420	15	52	67
Test 14421	70	29	99
Test 14422	86	68	154
Test 14423	78	15	93
Test 14424	53	72	125
Test 14425	67	57	124
Test 14426	39	35	74
Test 14427	61	60	121
Test 14428	98	95	193
Test 14429	8	32	40
Test 14430	18	55	73
Test 14431	81	0	81
Test 14432	75	80	155
Test 14433	9	99	108
Test 14434	7	1	8
Test 14435	43	6	49
Test 14436	3	10	13
Test 14437	56	83	139
Test 14438	72	67	139
Test 14439	50	45	95
Test 14440	61	77	138
Test 14441	81	50	131
Test 14442	35	32	67
Test 14443	8	52	60
Test 14444	29	50	79
Test 14445	43	58	101
Test 14446	87	75	162
Test 14447	48	72	120
Test 14448	80	90	170
Test 14449	22	89	111
Test 14450	13	19	32
Test 14451	88	44	132
Test 14452	0	97	97
Test 14453	37	30	67
Test 14454	73	2	75
Test 14455	55	32	87
Test 14456	28	64	92
Test 14457	67	47	114
Test 14458	50	87	137
Test 14459	0	81	81
Test 14460	26	23	49
Test 14461	81	43	124
Test 14462	91	34	125
Test 14463	14	90	104
Test 14464	62	56	118
Test 14465	94	5	99
Test 14466	82	86	168
Test 14467	76	71	147
Test 14468	4	96	100
Test 14469	52	46	98
Test 14470	10	47	57
Test 14471	96	90	186
Test 14472	52	2	54
Test 14473	23	49	72
Test 14474	47	42	89
Test 14475	9	82	91
Test 14476	85	60	145
Test 14477	64	50	114
Test 14478	5	1	6
Test 14479	29	23	52
Test 14480	27	34	61
Test 14481	80	46	126
Test 14482	47	30	77
Test 14483	8	16	24
Test 14484	63	66	129
Test 14485	63	35	98
Test 14486	70	60	130
Test 14487	0	55	55
Test 14488	48	90	138
Test 14489	28	73	101
Test 14490	43	42	85
Test 14491	43	97	140
Test 14492	55	21	76
Test 14493	13	12	25
Test 14494	62	39	101
Test 14495	0	18	18
Test 14496	23	38	61
Test 14497	24	31	55
Test 14498	53	71	124
Test 14499	13	57	70
Test 14500	85	93	178
Test 14501	54	2	56
Test 14502	2	93	95
Test 14503	5	51	56
Test 14504	59	39	98
Test 14505	49	18	67
Test 14506	51	18	69
Test 14507	91	48	139
Test 14508	81	89	170
Test 14509	86	25	111
Test 14510	4	0	4
Test 14511	96	42	138
Test 14512	9	84	93
Test 14513	21	40	61
Test 14514	87	6	93
Test 14515	2	24	26
Test 14516	64	77	141
Test 14517	18	70	88
Test 14518	98	93	191
Test 14519	55	24	79
Test 14520	51	2	53
Test 14521	3	93	96
Test 14522	72	65	137
Test 14523	58	72	130
Test 14524	72	46	118
Test 14525	61	14	75
Test 14526	66	48	114
Test 14527	6	8	14
Test 14528	30	16	46
Test 14529	42	41	83
Test 14530	1	1	2
Test 14531	44	83	127
Test 14532	59	3	62
Test 14533	88	7	95
Test 14534	25	43	68
Test 14535	75	73	148
Test 14536	22	96	118
Test 14537	21	64	85
Test 14538	5	77	82
Test 14539	34	81	115
Test 14540	58	56	114
Test 14541	69	26	95
Test 14542	11	31	42
Test 14543	91	32	123
Test 14544	30	41	71
Test 14545	97	65	162
Test 14546	60	73	133
Test 14547	87	77	164
Test 14548	92	45	137
Test 14549	50	95	145
Test 14550	44	94	138
Test 14551	61	46	107
Test 14552	90	74	164
Test 14553	66	56	122
Test 14554	97	85	182
Test 14555	38	88	126
Test 14556	87	1	88
Test 14557	55	92	147
Test 14558	93	81	174
Test 14559	77	71	148
Test 14560	73	51	124
Test 14561	71	56	127
Test 14562	71	0	71
Test 14563	95	55	150
Test 14564	3	56	59
Test 14565	4	8	12
Test 14566	68	38	106
Test 14567	47	34	81
Test 14568	2	98	100
Test 14569	50	74	124
Test 14570	10	48	58
Test 14571	3	50	53
Test 14572	4	36	40
Test 14573	98	24	122
Test 14574	86	79	165
Test 14575	54	96	150
Test 14576	9	53	62
Test 14577	84	67	151
Test 14578	38	8	46
Test 14579	40	42	82
Test 14580	17	98	115
Test 14581	5	29	34
Test 14582	23	72	95
Test 14583	88	32	120
Test 14584	21	51	72
Test 14585	1	83	84
Test 14586	36	47	83
Test 14587	45	84	129
Test 14588	67	3	70
Test 14589	43	80	123
Test 14590	26	27	53
Test 14591	7	44	51
Test 14592	36	85	121
Test 14593	33	41	74
Test 14594	5	85	90
Test 14595	7	14	21
Test 14596	73	44	117
Test 14597	52	82	134
Test 14598	44	5	49
Test 14599	13	94	107
Test 14600	33	52	85
Test 14601	39	2	41
Test 14602	22	36	58
Test 14603	57	4	61
Test 14604	51	47	98
Test 14605	0	56	56
Test 14606	26	0	26
Test 14607	56	99	155
Test 14608	18	39	57
Test 14609	56	31	87
Test 14610	23	73	96
Test 14611	47	1	48
Test 14612	64	32	96
Test 14613	61	98	159
Test 14614	65	53	118
Test 14615	2	56	58
Test 14616	25	21	46
Test 14617	0	62	62
Test 14618	44	92	136
Test 14619	95	19	114
Test 14620	90	0	90
Test 14621	61	57	118
Test 14622	6	1	7
Test 14623	30	62	92
Test 14624	93	74	167
Test 14625	79	7	86
Test 14626	99	96	195
Test 14627	49	1	50
Test 14628	38	84	122
Test 14629	82	94	176
Test 14630	49	75	124
Test 14631	32	63	95
Test 14632	1	32	33
Test 14633	56	77	133
Test 14634	91	19	110
Test 14635	90	57	147
Test 14636	98	70	168
Test 14637	72	88	160
Test 14638	92	91	183
Test 14639	48	44	92
Test 14640	40	33	73
Test 14641	83	2	85
Test 14642	73	54	127
Test 14643	67	29	96
Test 14644	15	81	96
Test 14645	99	0	99
Test 14646	19	5	24
Test 14647	45	43	88
Test 14648	49	24	73
Test 14649	0	75	75
Test 14650	6	59	65
Test 14651	52	59	111
Test 14652	35	92	127
Test 14653	33	25	58
Test 14654	28	28	56
Test 14655	35	47	82
Test 14656	33	46	79
Test 14657	56	44	100
Test 14658	83	58	141
Test 14659	49	56	105
Test 14660	52	3	55
Test 14661	76	79	155
Test 14662	24	17	41
Test 14663	83	4	87
Test 14664	54	98	152
Test 14665	20	44	64
Test 14666	23	55	78
Test 14667	95	83	178
Test 14668	54	89	143
Test 14669	45	7	52
Test 14670	63	80	143
Test 14671	44	74	118
Test 14672	57	50	107
Test 14673	61	28	89
Test 14674	44	34	78
Test 14675	33	7	40
Test 14676	40	17	57
Test 14677	88	8	96
Test 14678	96	87	183
Test 14679	49	75	124
Test 14680	72	73	145
Test 14681	34	44	78
Test 14682	69	13	82
Test 14683	58	92	150
Test 14684	85	90	175
Test 14685	91	9	100
Test 14686	50	47	97
Test 14687	12	22	34
Test 14688	9	82	91
Test 14689	94	74	168
Test 14690	29	64	93
Test 14691	48	35	83
Test 14692	39	48	87
Test 14693	97	50	147
Test 14694	59	98	157
Test 14695	34	56	90
Test 14696	29	30	59
Test 14697	24	23	47
Test 14698	67	28	95
Test 14699	50	45	95
Test 14700	8	61	69
Test 14701	64	36	100
Test 14702	15	49	64
Test 14703	24	4	28
Test 14704	61	91	152
Test 14705	57	26	83
Test 14706	58	94	152
Test 14707	69	52	121
Test 14708	46	75	121
Test 14709	7	86	93
Test 14710	20	27	47
Test 14711	69	29	98
Test 14712	1	9	10
Test 14713	17	9	26
Test 14714	91	0	91
Test 14715	83	69	152
Test 14716	60	94	154
Test 14717	21	91	112
Test 14718	42	41	83
Test 14719	15	56	71
Test 14720	12	27	39
Test 14721	17	34	51
Test 14722	84	85	169
Test 14723	88	52	140
Test 14724	8	25	33
Test 14725	71	36	107
Test 14726	12	79	91
Test 14727	44	75	119
Test 14728	7	99	106
Test 14729	79	98	177
Test 14730	32	14	46
Test 14731	36	44	80
Test 14732	29	6	35
Test 14733	97	74	171
Test 14734	26	75	101
Test 14735	66	73	139
Test 14736	92	53	145
Test 14737	85	77	162
Test 14738	99	30	129
Test 14739	35	72	107
Test 14740	55	95	150
Test 14741	78	40	118
Test 14742	20	17	37
Test 14743	48	39	87
Test 14744	87	77	164
Test 14745	48	24	72
Test 14746	14	22	36
Test 14747	3	61	64
Test 14748	81	99	180
Test 14749	35	52	87
Test 14750	46	97	143
Test 14751	55	29	84
Test 14752	69	20	89
Test 14753	78	77	155
Test 14754	24	7	31
Test 14755	15	56	71
Test 14756	93	58	151
Test 14757	86	35	121
Test 14758	59	19	78
Test 14759	83	14	97
Test 14760	94	47	141
Test 14761	80	26	106
Test 14762	19	70	89
Test 14763	74	95	169
Test 14764	82	26	108
Test 14765	75	58	133
Test 14766	1	99	100
Test 14767	94	26	120
Test 14768	96	81	177
Test 14769	4	44	48
Test 14770	31	4	35
Test 14771	97	52	149
Test 14772	5	5	10
Test 14773	37	84	121
Test 14774	36	43	79
Test 14775	96	75	171
Test 14776	68	24	92
Test 14777	41	86	127
Test 14778	66	42	108
Test 14779	99	51	150
Test 14780	47	24	71
Test 14781	68	60	128
Test 14782	69	87	156
Test 14783	19	25	44
Test 14784	68	55	123
Test 14785	26	11	37
Test 14786	37	84	121
Test 14787	14	19	33
Test 14788	18	75	93
Test 14789	21	3	24
Test 14790	63	18	81
Test 14791	83	19	102
Test 14792	26	12	38
Test 14793	2	78	80
Test 14794	90	48	138
Test 14795	87	28	115
Test 14796	80	47	127
Test 14797	43	59	102
Test 14798	29	22	51
Test 14799	67	13	80
Test 14800	16	36	52
Test 14801	49	14	63
Test 14802	42	13	55
Test 14803	22	58	80
Test 14804	78	13	91
Test 14805	20	40	60
Test 14806	55	35	90
Test 14807	9	62	71
Test 14808	35	33	68
Test 14809	85	78	163
Test 14810	87	16	103
Test 14811	84	49	133
Test 14812	47	67	114
Test 14813	99	64	163
Test 14814	1	71	72
Test 14815	9	45	54
Test 14816	8	59	67
Test 14817	90	47	137
Test 14818	31	30	61
Test 14819	66	57	123
Test 14820	87	19	106
Test 14821	0	57	57
Test 14822	75	76	151
Test 14823	8	48	56
Test 14824	99	56	155
Test 14825	15	94	109
Test 14826	53	41	94
Test 14827	90	16	106
Test 14828	45	83	128
Test 14829	51	90	141
Test 14830	59	23	82
Test 14831	72	23	95
Test 14832	98	92	190
Test 14833	72	67	139
Test 14834	17	88	105
Test 14835	1	68	69
Test 14836	53	31	84
Test 14837	84	57	141
Test 14838	71	36	107
Test 14839	96	7	103
Test 14840	27	68	95
Test 14841	20	48	68
Test 14842	81	38	119
Test 14843	55	29	84
Test 14844	92	86	178
Test 14845	98	28	126
Test 14846	54	30	84
Test 14847	10	53	63
Test 14848	70	6	76
Test 14849	92	80	172
Test 14850	63	24	87
Test 14851	30	80	110
Test 14852	98	86	184
Test 14853	70	16	86
Test 14854	53	83	136
Test 14855	56	23	79
Test 14856	24	40	64
Test 14857	32	80	112
Test 14858	73	44	117
Test 14859	7	24	31
Test 14860	16	36	52
Test 14861	56	51	107
Test 14862	8	0	8
Test 14863	64	36	100
Test 14864	34	55	89
Test 14865	23	68	91
Test 14866	27	13	40
Test 14867	89	36	125
Test 14868	80	27	107
Test 14869	40	60	100
Test 14870	69	11	80
Test 14871	46	63	109
Test 14872	49	52	101
Test 14873	45	7	52
Test 14874	87	26	113
Test 14875	68	88	156
Test 14876	73	1	74
Test 14877	98	80	178
Test 14878	28	23	51
Test 14879	82	39	121
Test 14880	19	45	64
Test 14881	84	0	84
Test 14882	98	45	143
Test 14883	51	51	102
Test 14884	79	83	162
Test 14885	1	52	53
Test 14886	13	32	45
Test 14887	78	2	80
Test 14888	8	3	11
Test 14889	72	8	80
Test 14890	14	45	59
Test 14891	2	83	85
Test 14892	58	4	62
Test 14893	65	91	156
Test 14894	84	44	128
Test 14895	15	0	15
Test 14896	17	7	24
Test 14897	47	87	134
Test 14898	50	78	128
Test 14899	78	64	142
Test 14900	86	94	180
Test 14901	24	17	41
Test 14902	36	64	100
Test 14903	12	17	29
Test 14904	12	73	85
Test 14905	52	53	105
Test 14906	84	20	104
Test 14907	42	43	85
Test 14908	45	26	71
Test 14909	90	88	178
Test 14910	4	69	73
Test 14911	77	12	89
Test 14912	24	61	85
Test 14913	11	18	29
Test 14914	89	31	120
Test 14915	92	92	184
Test 14916	61	15	76
Test 14917	16	79	95
Test 14918	97	54	151
Test 14919	29	75	104
Test 14920	60	84	144
Test 14921	60	63	123
Test 14922	0	45	45
Test 14923	53	95	148
Test 14924	17	29	46
Test 14925	86	1	87
Test 14926	42	27	69
Test 14927	92	38	130
Test 14928	30	81	111
Test 14929	10	40	50
Test 14930	18	44	62
Test 14931	93	20	113
Test 14932	98	55	153
Test 14933	86	39	125
Test 14934	97	95	192
Test 14935	18	93	111
Test 14936	1	5	6
Test 14937	75	20	95
Test 14938	13	13	26
Test 14939	80	38	118
Test 14940	35	24	59
Test 14941	46	66	112
Test 14942	57	52	109
Test 14943	82	15	97
Test 14944	11	56	67
Test 14945	96	22	118
Test 14946	88	68	156
Test 14947	93	95	188
Test 14948	58	99	157
Test 14949	45	60	105
Test 14950	73	83	156
Test 14951	39	89	128
Test 14952	16	58	74
Test 14953	39	98	137
Test 14954	4	93	97
Test 14955	30	55	85
Test 14956	86	64	150
Test 14957	15	25	40
Test 14958	63	27	90
Test 14959	65	77	142
Test 14960	61	51	112
Test 14961	47	58	105
Test 14962	82	44	126
Test 14963	7	60	67
Test 14964	0	77	77
Test 14965	4	99	103
Test 14966	70	68	138
Test 14967	1	96	97
Test 14968	72	64	136
Test 14969	78	53	131
Test 14970	29	4	33
Test 14971	28	83	111
Test 14972	76	85	161
Test 14973	66	1	67
Test 14974	0	51	51
Test 14975	83	71	154
Test 14976	35	58	93
Test 14977	56	59	115
Test 14978	71	93	164
Test 14979	51	74	125
Test 14980	88	96	184
Test 14981	0	41	41
Test 14982	60	41	101
Test 14983	16	92	108
Test 14984	3	97	100
Test 14985	18	26	44
Test 14986	59	55	114
Test 14987	18	6	24
Test 14988	1	63	64
Test 14989	48	3	51
Test 14990	61	66	127
Test 14991	36	99	135
Test 14992	33	57	90
Test 14993	39	81	120
Test 14994	8	3	11
Test 14995	95	92	187
Test 14996	3	29	32
Test 14997	24	80	104
Test 14998	57	18	75
Test 14999	68	65	133
Test 15000	64	79	143
